0.00000000    0.00000000
0.00050025    0.00000000
0.00100050    0.00314316
0.00150075    0.00628629
0.00200100    0.00942935
0.00250125    0.01257233
0.00300150    0.01571517
0.00350175    0.01885787
0.00400200    0.02200037
0.00450225    0.02514266
0.00500250    0.02828471
0.00550275    0.03142647
0.00600300    0.03456792
0.00650325    0.03770903
0.00700350    0.04084977
0.00750375    0.04399010
0.00800400    0.04713000
0.00850425    0.05026943
0.00900450    0.05340837
0.00950475    0.05654678
0.01000500    0.05968463
0.01050525    0.06282189
0.01100550    0.06595853
0.01150575    0.06909452
0.01200600    0.07222982
0.01250625    0.07536442
0.01300650    0.07849826
0.01350675    0.08163134
0.01400700    0.08476360
0.01450725    0.08789503
0.01500750    0.09102559
0.01550775    0.09415525
0.01600800    0.09728398
0.01650825    0.10041175
0.01700850    0.10353853
0.01750875    0.10666428
0.01800900    0.10978898
0.01850925    0.11291260
0.01900950    0.11603510
0.01950975    0.11915645
0.02001001    0.12227663
0.02051026    0.12539560
0.02101051    0.12851333
0.02151076    0.13162979
0.02201101    0.13474495
0.02251126    0.13785878
0.02301151    0.14097125
0.02351176    0.14408232
0.02401201    0.14719197
0.02451226    0.15030017
0.02501251    0.15340688
0.02551276    0.15651208
0.02601301    0.15961573
0.02651326    0.16271780
0.02701351    0.16581826
0.02751376    0.16891709
0.02801401    0.17201425
0.02851426    0.17510971
0.02901451    0.17820344
0.02951476    0.18129541
0.03001501    0.18438558
0.03051526    0.18747394
0.03101551    0.19056044
0.03151576    0.19364506
0.03201601    0.19672777
0.03251626    0.19980853
0.03301651    0.20288732
0.03351676    0.20596411
0.03401701    0.20903886
0.03451726    0.21211155
0.03501751    0.21518214
0.03551776    0.21825060
0.03601801    0.22131691
0.03651826    0.22438103
0.03701851    0.22744294
0.03751876    0.23050259
0.03801901    0.23355997
0.03851926    0.23661505
0.03901951    0.23966778
0.03951976    0.24271815
0.04002001    0.24576612
0.04052026    0.24881166
0.04102051    0.25185475
0.04152076    0.25489534
0.04202101    0.25793342
0.04252126    0.26096895
0.04302151    0.26400190
0.04352176    0.26703224
0.04402201    0.27005994
0.04452226    0.27308498
0.04502251    0.27610732
0.04552276    0.27912693
0.04602301    0.28214378
0.04652326    0.28515785
0.04702351    0.28816910
0.04752376    0.29117750
0.04802401    0.29418302
0.04852426    0.29718564
0.04902451    0.30018532
0.04952476    0.30318204
0.05002501    0.30617576
0.05052526    0.30916646
0.05102551    0.31215410
0.05152576    0.31513866
0.05202601    0.31812010
0.05252626    0.32109840
0.05302651    0.32407353
0.05352676    0.32704546
0.05402701    0.33001416
0.05452726    0.33297959
0.05502751    0.33594174
0.05552776    0.33890057
0.05602801    0.34185605
0.05652826    0.34480815
0.05702851    0.34775685
0.05752876    0.35070211
0.05802901    0.35364390
0.05852926    0.35658220
0.05902951    0.35951698
0.05952976    0.36244821
0.06003002    0.36537586
0.06053027    0.36829989
0.06103052    0.37122029
0.06153077    0.37413702
0.06203102    0.37705005
0.06253127    0.37995936
0.06303152    0.38286492
0.06353177    0.38576669
0.06403202    0.38866465
0.06453227    0.39155878
0.06503252    0.39444903
0.06553277    0.39733538
0.06603302    0.40021782
0.06653327    0.40309629
0.06703352    0.40597079
0.06753377    0.40884127
0.06803402    0.41170772
0.06853427    0.41457009
0.06903452    0.41742837
0.06953477    0.42028253
0.07003502    0.42313254
0.07053527    0.42597836
0.07103552    0.42881998
0.07153577    0.43165736
0.07203602    0.43449047
0.07253627    0.43731930
0.07303652    0.44014380
0.07353677    0.44296395
0.07403702    0.44577973
0.07453727    0.44859111
0.07503752    0.45139805
0.07553777    0.45420053
0.07603802    0.45699853
0.07653827    0.45979201
0.07703852    0.46258094
0.07753877    0.46536531
0.07803902    0.46814508
0.07853927    0.47092023
0.07903952    0.47369072
0.07953977    0.47645653
0.08004002    0.47921764
0.08054027    0.48197401
0.08104052    0.48472562
0.08154077    0.48747244
0.08204102    0.49021444
0.08254127    0.49295161
0.08304152    0.49568390
0.08354177    0.49841129
0.08404202    0.50113376
0.08454227    0.50385128
0.08504252    0.50656382
0.08554277    0.50927136
0.08604302    0.51197387
0.08654327    0.51467131
0.08704352    0.51736368
0.08754377    0.52005093
0.08804402    0.52273304
0.08854427    0.52540999
0.08904452    0.52808175
0.08954477    0.53074829
0.09004502    0.53340959
0.09054527    0.53606562
0.09104552    0.53871635
0.09154577    0.54136176
0.09204602    0.54400183
0.09254627    0.54663651
0.09304652    0.54926580
0.09354677    0.55188966
0.09404702    0.55450807
0.09454727    0.55712100
0.09504752    0.55972842
0.09554777    0.56233032
0.09604802    0.56492666
0.09654827    0.56751742
0.09704852    0.57010257
0.09754877    0.57268209
0.09804902    0.57525595
0.09854927    0.57782413
0.09904952    0.58038660
0.09954977    0.58294334
0.10005003    0.58549432
0.10055028    0.58803951
0.10105053    0.59057889
0.10155078    0.59311244
0.10205103    0.59564013
0.10255128    0.59816194
0.10305153    0.60067783
0.10355178    0.60318779
0.10405203    0.60569179
0.10455228    0.60818981
0.10505253    0.61068182
0.10555278    0.61316780
0.10605303    0.61564771
0.10655328    0.61812155
0.10705353    0.62058928
0.10755378    0.62305088
0.10805403    0.62550632
0.10855428    0.62795558
0.10905453    0.63039864
0.10955478    0.63283547
0.11005503    0.63526605
0.11055528    0.63769036
0.11105553    0.64010836
0.11155578    0.64252004
0.11205603    0.64492537
0.11255628    0.64732433
0.11305653    0.64971689
0.11355678    0.65210304
0.11405703    0.65448274
0.11455728    0.65685598
0.11505753    0.65922273
0.11555778    0.66158296
0.11605803    0.66393666
0.11655828    0.66628380
0.11705853    0.66862436
0.11755878    0.67095831
0.11805903    0.67328563
0.11855928    0.67560630
0.11905953    0.67792030
0.11955978    0.68022760
0.12006003    0.68252817
0.12056028    0.68482201
0.12106053    0.68710908
0.12156078    0.68938936
0.12206103    0.69166283
0.12256128    0.69392947
0.12306153    0.69618925
0.12356178    0.69844215
0.12406203    0.70068816
0.12456228    0.70292724
0.12506253    0.70515938
0.12556278    0.70738455
0.12606303    0.70960273
0.12656328    0.71181390
0.12706353    0.71401804
0.12756378    0.71621512
0.12806403    0.71840513
0.12856428    0.72058804
0.12906453    0.72276383
0.12956478    0.72493248
0.13006503    0.72709397
0.13056528    0.72924828
0.13106553    0.73139538
0.13156578    0.73353526
0.13206603    0.73566789
0.13256628    0.73779325
0.13306653    0.73991132
0.13356678    0.74202208
0.13406703    0.74412551
0.13456728    0.74622159
0.13506753    0.74831030
0.13556778    0.75039161
0.13606803    0.75246552
0.13656828    0.75453198
0.13706853    0.75659100
0.13756878    0.75864253
0.13806903    0.76068658
0.13856928    0.76272310
0.13906953    0.76475210
0.13956978    0.76677353
0.14007004    0.76878740
0.14057029    0.77079366
0.14107054    0.77279231
0.14157079    0.77478333
0.14207104    0.77676669
0.14257129    0.77874238
0.14307154    0.78071038
0.14357179    0.78267066
0.14407204    0.78462321
0.14457229    0.78656800
0.14507254    0.78850503
0.14557279    0.79043427
0.14607304    0.79235570
0.14657329    0.79426930
0.14707354    0.79617505
0.14757379    0.79807294
0.14807404    0.79996294
0.14857429    0.80184504
0.14907454    0.80371921
0.14957479    0.80558545
0.15007504    0.80744373
0.15057529    0.80929403
0.15107554    0.81113634
0.15157579    0.81297063
0.15207604    0.81479689
0.15257629    0.81661510
0.15307654    0.81842524
0.15357679    0.82022730
0.15407704    0.82202125
0.15457729    0.82380709
0.15507754    0.82558478
0.15557779    0.82735432
0.15607804    0.82911568
0.15657829    0.83086885
0.15707854    0.83261382
0.15757879    0.83435056
0.15807904    0.83607905
0.15857929    0.83779929
0.15907954    0.83951125
0.15957979    0.84121491
0.16008004    0.84291026
0.16058029    0.84459729
0.16108054    0.84627597
0.16158079    0.84794629
0.16208104    0.84960824
0.16258129    0.85126179
0.16308154    0.85290693
0.16358179    0.85454364
0.16408204    0.85617191
0.16458229    0.85779172
0.16508254    0.85940306
0.16558279    0.86100591
0.16608304    0.86260025
0.16658329    0.86418607
0.16708354    0.86576335
0.16758379    0.86733208
0.16808404    0.86889224
0.16858429    0.87044382
0.16908454    0.87198679
0.16958479    0.87352116
0.17008504    0.87504689
0.17058529    0.87656397
0.17108554    0.87807240
0.17158579    0.87957215
0.17208604    0.88106321
0.17258629    0.88254557
0.17308654    0.88401921
0.17358679    0.88548411
0.17408704    0.88694027
0.17458729    0.88838767
0.17508754    0.88982628
0.17558779    0.89125611
0.17608804    0.89267713
0.17658829    0.89408933
0.17708854    0.89549270
0.17758879    0.89688722
0.17808904    0.89827288
0.17858929    0.89964967
0.17908954    0.90101757
0.17958979    0.90237657
0.18009005    0.90372665
0.18059030    0.90506780
0.18109055    0.90640001
0.18159080    0.90772327
0.18209105    0.90903756
0.18259130    0.91034287
0.18309155    0.91163918
0.18359180    0.91292649
0.18409205    0.91420478
0.18459230    0.91547404
0.18509255    0.91673425
0.18559280    0.91798541
0.18609305    0.91922749
0.18659330    0.92046050
0.18709355    0.92168441
0.18759380    0.92289922
0.18809405    0.92410490
0.18859430    0.92530146
0.18909455    0.92648888
0.18959480    0.92766714
0.19009505    0.92883624
0.19059530    0.92999616
0.19109555    0.93114690
0.19159580    0.93228843
0.19209605    0.93342076
0.19259630    0.93454386
0.19309655    0.93565773
0.19359680    0.93676236
0.19409705    0.93785773
0.19459730    0.93894384
0.19509755    0.94002067
0.19559780    0.94108821
0.19609805    0.94214646
0.19659830    0.94319539
0.19709855    0.94423501
0.19759880    0.94526530
0.19809905    0.94628626
0.19859930    0.94729786
0.19909955    0.94830010
0.19959980    0.94929298
0.20010005    0.95027648
0.20060030    0.95125059
0.20110055    0.95221530
0.20160080    0.95317060
0.20210105    0.95411649
0.20260130    0.95505295
0.20310155    0.95597998
0.20360180    0.95689756
0.20410205    0.95780568
0.20460230    0.95870435
0.20510255    0.95959354
0.20560280    0.96047325
0.20610305    0.96134348
0.20660330    0.96220420
0.20710355    0.96305542
0.20760380    0.96389713
0.20810405    0.96472931
0.20860430    0.96555196
0.20910455    0.96636508
0.20960480    0.96716864
0.21010505    0.96796265
0.21060530    0.96874710
0.21110555    0.96952198
0.21160580    0.97028728
0.21210605    0.97104299
0.21260630    0.97178911
0.21310655    0.97252563
0.21360680    0.97325254
0.21410705    0.97396983
0.21460730    0.97467751
0.21510755    0.97537555
0.21560780    0.97606396
0.21610805    0.97674272
0.21660830    0.97741183
0.21710855    0.97807129
0.21760880    0.97872109
0.21810905    0.97936121
0.21860930    0.97999167
0.21910955    0.98061243
0.21960980    0.98122352
0.22011006    0.98182490
0.22061031    0.98241659
0.22111056    0.98299857
0.22161081    0.98357084
0.22211106    0.98413339
0.22261131    0.98468622
0.22311156    0.98522932
0.22361181    0.98576269
0.22411206    0.98628632
0.22461231    0.98680021
0.22511256    0.98730434
0.22561281    0.98779873
0.22611306    0.98828335
0.22661331    0.98875821
0.22711356    0.98922330
0.22761381    0.98967862
0.22811406    0.99012416
0.22861431    0.99055992
0.22911456    0.99098589
0.22961481    0.99140207
0.23011506    0.99180846
0.23061531    0.99220505
0.23111556    0.99259184
0.23161581    0.99296882
0.23211606    0.99333599
0.23261631    0.99369334
0.23311656    0.99404088
0.23361681    0.99437860
0.23411706    0.99470650
0.23461731    0.99502456
0.23511756    0.99533280
0.23561781    0.99563121
0.23611806    0.99591977
0.23661831    0.99619850
0.23711856    0.99646739
0.23761881    0.99672643
0.23811906    0.99697563
0.23861931    0.99721497
0.23911956    0.99744446
0.23961981    0.99766410
0.24012006    0.99787389
0.24062031    0.99807381
0.24112056    0.99826387
0.24162081    0.99844408
0.24212106    0.99861441
0.24262131    0.99877489
0.24312156    0.99892549
0.24362181    0.99906623
0.24412206    0.99919709
0.24462231    0.99931808
0.24512256    0.99942921
0.24562281    0.99953045
0.24612306    0.99962182
0.24662331    0.99970332
0.24712356    0.99977494
0.24762381    0.99983668
0.24812406    0.99988855
0.24862431    0.99993054
0.24912456    0.99996264
0.24962481    0.99998487
0.25012506    0.99999722
0.25062531    0.99999969
0.25112556    0.99999228
0.25162581    0.99997499
0.25212606    0.99994782
0.25262631    0.99991078
0.25312656    0.99986385
0.25362681    0.99980705
0.25412706    0.99974037
0.25462731    0.99966381
0.25512756    0.99957737
0.25562781    0.99948106
0.25612806    0.99937488
0.25662831    0.99925882
0.25712856    0.99913289
0.25762881    0.99899709
0.25812906    0.99885142
0.25862931    0.99869588
0.25912956    0.99853048
0.25962981    0.99835521
0.26013007    0.99817008
0.26063032    0.99797508
0.26113057    0.99777023
0.26163082    0.99755552
0.26213107    0.99733095
0.26263132    0.99709653
0.26313157    0.99685226
0.26363182    0.99659814
0.26413207    0.99633418
0.26463232    0.99606037
0.26513257    0.99577672
0.26563282    0.99548323
0.26613307    0.99517991
0.26663332    0.99486676
0.26713357    0.99454378
0.26763382    0.99421097
0.26813407    0.99386834
0.26863432    0.99351589
0.26913457    0.99315363
0.26963482    0.99278155
0.27013507    0.99239967
0.27063532    0.99200798
0.27113557    0.99160649
0.27163582    0.99119521
0.27213607    0.99077413
0.27263632    0.99034326
0.27313657    0.98990261
0.27363682    0.98945218
0.27413707    0.98899198
0.27463732    0.98852200
0.27513757    0.98804226
0.27563782    0.98755275
0.27613807    0.98705349
0.27663832    0.98654448
0.27713857    0.98602573
0.27763882    0.98549723
0.27813907    0.98495899
0.27863932    0.98441102
0.27913957    0.98385333
0.27963982    0.98328592
0.28014007    0.98270879
0.28064032    0.98212196
0.28114057    0.98152542
0.28164082    0.98091919
0.28214107    0.98030326
0.28264132    0.97967765
0.28314157    0.97904236
0.28364182    0.97839740
0.28414207    0.97774277
0.28464232    0.97707848
0.28514257    0.97640454
0.28564282    0.97572096
0.28614307    0.97502773
0.28664332    0.97432487
0.28714357    0.97361239
0.28764382    0.97289028
0.28814407    0.97215857
0.28864432    0.97141725
0.28914457    0.97066633
0.28964482    0.96990583
0.29014507    0.96913574
0.29064532    0.96835607
0.29114557    0.96756684
0.29164582    0.96676805
0.29214607    0.96595971
0.29264632    0.96514183
0.29314657    0.96431441
0.29364682    0.96347747
0.29414707    0.96263100
0.29464732    0.96177503
0.29514757    0.96090955
0.29564782    0.96003458
0.29614807    0.95915013
0.29664832    0.95825620
0.29714857    0.95735280
0.29764882    0.95643995
0.29814907    0.95551764
0.29864932    0.95458590
0.29914957    0.95364472
0.29964982    0.95269413
0.30015008    0.95173412
0.30065033    0.95076471
0.30115058    0.94978590
0.30165083    0.94879771
0.30215108    0.94780015
0.30265133    0.94679323
0.30315158    0.94577695
0.30365183    0.94475133
0.30415208    0.94371637
0.30465233    0.94267209
0.30515258    0.94161850
0.30565283    0.94055560
0.30615308    0.93948341
0.30665333    0.93840194
0.30715358    0.93731120
0.30765383    0.93621120
0.30815408    0.93510195
0.30865433    0.93398346
0.30915458    0.93285575
0.30965483    0.93171882
0.31015508    0.93057268
0.31065533    0.92941735
0.31115558    0.92825284
0.31165583    0.92707916
0.31215608    0.92589631
0.31265633    0.92470433
0.31315658    0.92350320
0.31365683    0.92229295
0.31415708    0.92107359
0.31465733    0.91984513
0.31515758    0.91860758
0.31565783    0.91736096
0.31615808    0.91610528
0.31665833    0.91484054
0.31715858    0.91356676
0.31765883    0.91228396
0.31815908    0.91099215
0.31865933    0.90969134
0.31915958    0.90838154
0.31965983    0.90706276
0.32016008    0.90573503
0.32066033    0.90439834
0.32116058    0.90305272
0.32166083    0.90169818
0.32216108    0.90033473
0.32266133    0.89896239
0.32316158    0.89758116
0.32366183    0.89619107
0.32416208    0.89479212
0.32466233    0.89338433
0.32516258    0.89196772
0.32566283    0.89054230
0.32616308    0.88910807
0.32666333    0.88766506
0.32716358    0.88621329
0.32766383    0.88475275
0.32816408    0.88328348
0.32866433    0.88180548
0.32916458    0.88031877
0.32966483    0.87882336
0.33016508    0.87731927
0.33066533    0.87580651
0.33116558    0.87428510
0.33166583    0.87275505
0.33216608    0.87121638
0.33266633    0.86966910
0.33316658    0.86811324
0.33366683    0.86654879
0.33416708    0.86497578
0.33466733    0.86339423
0.33516758    0.86180415
0.33566783    0.86020555
0.33616808    0.85859845
0.33666833    0.85698288
0.33716858    0.85535883
0.33766883    0.85372634
0.33816908    0.85208541
0.33866933    0.85043606
0.33916958    0.84877831
0.33966983    0.84711218
0.34017009    0.84543767
0.34067034    0.84375482
0.34117059    0.84206363
0.34167084    0.84036412
0.34217109    0.83865630
0.34267134    0.83694020
0.34317159    0.83521584
0.34367184    0.83348322
0.34417209    0.83174236
0.34467234    0.82999329
0.34517259    0.82823602
0.34567284    0.82647057
0.34617309    0.82469695
0.34667334    0.82291519
0.34717359    0.82112529
0.34767384    0.81932728
0.34817409    0.81752118
0.34867434    0.81570700
0.34917459    0.81388476
0.34967484    0.81205448
0.35017509    0.81021618
0.35067534    0.80836988
0.35117559    0.80651559
0.35167584    0.80465333
0.35217609    0.80278312
0.35267634    0.80090498
0.35317659    0.79901892
0.35367684    0.79712498
0.35417709    0.79522315
0.35467734    0.79331348
0.35517759    0.79139596
0.35567784    0.78947062
0.35617809    0.78753749
0.35667834    0.78559658
0.35717859    0.78364790
0.35767884    0.78169148
0.35817909    0.77972734
0.35867934    0.77775550
0.35917959    0.77577597
0.35967984    0.77378878
0.36018009    0.77179394
0.36068034    0.76979148
0.36118059    0.76778141
0.36168084    0.76576376
0.36218109    0.76373854
0.36268134    0.76170578
0.36318159    0.75966549
0.36368184    0.75761770
0.36418209    0.75556242
0.36468234    0.75349968
0.36518259    0.75142949
0.36568284    0.74935188
0.36618309    0.74726687
0.36668334    0.74517447
0.36718359    0.74307472
0.36768384    0.74096762
0.36818409    0.73885320
0.36868434    0.73673148
0.36918459    0.73460248
0.36968484    0.73246622
0.37018509    0.73032273
0.37068534    0.72817203
0.37118559    0.72601413
0.37168584    0.72384905
0.37218609    0.72167683
0.37268634    0.71949747
0.37318659    0.71731101
0.37368684    0.71511746
0.37418709    0.71291685
0.37468734    0.71070919
0.37518759    0.70849451
0.37568784    0.70627283
0.37618809    0.70404418
0.37668834    0.70180857
0.37718859    0.69956602
0.37768884    0.69731656
0.37818909    0.69506022
0.37868934    0.69279701
0.37918959    0.69052695
0.37968984    0.68825007
0.38019010    0.68596639
0.38069035    0.68367594
0.38119060    0.68137873
0.38169085    0.67907478
0.38219110    0.67676413
0.38269135    0.67444680
0.38319160    0.67212280
0.38369185    0.66979216
0.38419210    0.66745490
0.38469235    0.66511105
0.38519260    0.66276063
0.38569285    0.66040366
0.38619310    0.65804016
0.38669335    0.65567017
0.38719360    0.65329370
0.38769385    0.65091077
0.38819410    0.64852141
0.38869435    0.64612565
0.38919460    0.64372350
0.38969485    0.64131499
0.39019510    0.63890015
0.39069535    0.63647899
0.39119560    0.63405155
0.39169585    0.63161784
0.39219610    0.62917789
0.39269635    0.62673173
0.39319660    0.62427937
0.39369685    0.62182085
0.39419710    0.61935618
0.39469735    0.61688539
0.39519760    0.61440851
0.39569785    0.61192556
0.39619810    0.60943657
0.39669835    0.60694155
0.39719860    0.60444054
0.39769885    0.60193356
0.39819910    0.59942062
0.39869935    0.59690177
0.39919960    0.59437702
0.39969985    0.59184640
0.40020010    0.58930993
0.40070035    0.58676764
0.40120060    0.58421955
0.40170085    0.58166569
0.40220110    0.57910608
0.40270135    0.57654076
0.40320160    0.57396973
0.40370185    0.57139304
0.40420210    0.56881070
0.40470235    0.56622274
0.40520260    0.56362919
0.40570285    0.56103006
0.40620310    0.55842540
0.40670335    0.55581522
0.40720360    0.55319955
0.40770385    0.55057841
0.40820410    0.54795183
0.40870435    0.54531984
0.40920460    0.54268246
0.40970485    0.54003973
0.41020510    0.53739165
0.41070535    0.53473827
0.41120560    0.53207960
0.41170585    0.52941568
0.41220610    0.52674652
0.41270635    0.52407217
0.41320660    0.52139263
0.41370685    0.51870794
0.41420710    0.51601813
0.41470735    0.51332322
0.41520760    0.51062324
0.41570785    0.50791822
0.41620810    0.50520818
0.41670835    0.50249314
0.41720860    0.49977314
0.41770885    0.49704821
0.41820910    0.49431836
0.41870935    0.49158363
0.41920960    0.48884405
0.41970985    0.48609963
0.42021011    0.48335041
0.42071036    0.48059642
0.42121061    0.47783767
0.42171086    0.47507421
0.42221111    0.47230606
0.42271136    0.46953323
0.42321161    0.46675577
0.42371186    0.46397370
0.42421211    0.46118704
0.42471236    0.45839583
0.42521261    0.45560009
0.42571286    0.45279985
0.42621311    0.44999513
0.42671336    0.44718597
0.42721361    0.44437239
0.42771386    0.44155442
0.42821411    0.43873209
0.42871436    0.43590542
0.42921461    0.43307445
0.42971486    0.43023920
0.43021511    0.42739970
0.43071536    0.42455597
0.43121561    0.42170806
0.43171586    0.41885597
0.43221611    0.41599975
0.43271636    0.41313941
0.43321661    0.41027500
0.43371686    0.40740653
0.43421711    0.40453404
0.43471736    0.40165755
0.43521761    0.39877709
0.43571786    0.39589270
0.43621811    0.39300439
0.43671836    0.39011220
0.43721861    0.38721615
0.43771886    0.38431628
0.43821911    0.38141261
0.43871936    0.37850518
0.43921961    0.37559400
0.43971986    0.37267912
0.44022011    0.36976055
0.44072036    0.36683833
0.44122061    0.36391248
0.44172086    0.36098304
0.44222111    0.35805004
0.44272136    0.35511349
0.44322161    0.35217344
0.44372186    0.34922991
0.44422211    0.34628293
0.44472236    0.34333252
0.44522261    0.34037873
0.44572286    0.33742157
0.44622311    0.33446108
0.44672336    0.33149729
0.44722361    0.32853022
0.44772386    0.32555990
0.44822411    0.32258637
0.44872436    0.31960965
0.44922461    0.31662977
0.44972486    0.31364677
0.45022511    0.31066066
0.45072536    0.30767149
0.45122561    0.30467928
0.45172586    0.30168405
0.45222611    0.29868585
0.45272636    0.29568470
0.45322661    0.29268062
0.45372686    0.28967365
0.45422711    0.28666383
0.45472736    0.28365117
0.45522761    0.28063570
0.45572786    0.27761747
0.45622811    0.27459649
0.45672836    0.27157280
0.45722861    0.26854642
0.45772886    0.26551740
0.45822911    0.26248575
0.45872936    0.25945150
0.45922961    0.25641470
0.45972986    0.25337536
0.46023012    0.25033351
0.46073037    0.24728920
0.46123062    0.24424244
0.46173087    0.24119326
0.46223112    0.23814171
0.46273137    0.23508780
0.46323162    0.23203157
0.46373187    0.22897305
0.46423212    0.22591226
0.46473237    0.22284925
0.46523262    0.21978403
0.46573287    0.21671664
0.46623312    0.21364711
0.46673337    0.21057546
0.46723362    0.20750174
0.46773387    0.20442597
0.46823412    0.20134818
0.46873437    0.19826840
0.46923462    0.19518666
0.46973487    0.19210299
0.47023512    0.18901742
0.47073537    0.18592999
0.47123562    0.18284072
0.47173587    0.17974964
0.47223612    0.17665679
0.47273637    0.17356219
0.47323662    0.17046588
0.47373687    0.16736788
0.47423712    0.16426823
0.47473737    0.16116696
0.47523762    0.15806410
0.47573787    0.15495967
0.47623812    0.15185371
0.47673837    0.14874625
0.47723862    0.14563733
0.47773887    0.14252696
0.47823912    0.13941519
0.47873937    0.13630203
0.47923962    0.13318754
0.47973987    0.13007172
0.48024012    0.12695462
0.48074037    0.12383627
0.48124062    0.12071669
0.48174087    0.11759592
0.48224112    0.11447399
0.48274137    0.11135093
0.48324162    0.10822677
0.48374187    0.10510154
0.48424212    0.10197527
0.48474237    0.09884799
0.48524262    0.09571973
0.48574287    0.09259054
0.48624312    0.08946042
0.48674337    0.08632942
0.48724362    0.08319757
0.48774387    0.08006490
0.48824412    0.07693144
0.48874437    0.07379721
0.48924462    0.07066226
0.48974487    0.06752661
0.49024512    0.06439029
0.49074537    0.06125333
0.49124562    0.05811577
0.49174587    0.05497764
0.49224612    0.05183896
0.49274637    0.04869978
0.49324662    0.04556010
0.49374687    0.04241998
0.49424712    0.03927945
0.49474737    0.03613852
0.49524762    0.03299723
0.49574787    0.02985562
0.49624812    0.02671372
0.49674837    0.02357155
0.49724862    0.02042915
0.49774887    0.01728654
0.49824912    0.01414377
0.49874937    0.01100085
0.49924962    0.00785783
0.49974987    0.00471473
0.50025013    0.00157158
0.50075038    -.00157158
0.50125063    -.00471473
0.50175088    -.00785783
0.50225113    -.01100085
0.50275138    -.01414377
0.50325163    -.01728654
0.50375188    -.02042915
0.50425213    -.02357155
0.50475238    -.02671372
0.50525263    -.02985562
0.50575288    -.03299723
0.50625313    -.03613852
0.50675338    -.03927945
0.50725363    -.04241998
0.50775388    -.04556010
0.50825413    -.04869978
0.50875438    -.05183896
0.50925463    -.05497764
0.50975488    -.05811577
0.51025513    -.06125333
0.51075538    -.06439029
0.51125563    -.06752661
0.51175588    -.07066226
0.51225613    -.07379721
0.51275638    -.07693144
0.51325663    -.08006490
0.51375688    -.08319757
0.51425713    -.08632942
0.51475738    -.08946042
0.51525763    -.09259054
0.51575788    -.09571973
0.51625813    -.09884799
0.51675838    -.10197527
0.51725863    -.10510154
0.51775888    -.10822677
0.51825913    -.11135093
0.51875938    -.11447399
0.51925963    -.11759592
0.51975988    -.12071669
0.52026013    -.12383627
0.52076038    -.12695462
0.52126063    -.13007172
0.52176088    -.13318754
0.52226113    -.13630203
0.52276138    -.13941519
0.52326163    -.14252696
0.52376188    -.14563733
0.52426213    -.14874625
0.52476238    -.15185371
0.52526263    -.15495967
0.52576288    -.15806410
0.52626313    -.16116696
0.52676338    -.16426823
0.52726363    -.16736788
0.52776388    -.17046588
0.52826413    -.17356219
0.52876438    -.17665679
0.52926463    -.17974964
0.52976488    -.18284072
0.53026513    -.18592999
0.53076538    -.18901742
0.53126563    -.19210299
0.53176588    -.19518666
0.53226613    -.19826840
0.53276638    -.20134818
0.53326663    -.20442597
0.53376688    -.20750174
0.53426713    -.21057546
0.53476738    -.21364711
0.53526763    -.21671664
0.53576788    -.21978403
0.53626813    -.22284925
0.53676838    -.22591226
0.53726863    -.22897305
0.53776888    -.23203157
0.53826913    -.23508780
0.53876938    -.23814171
0.53926963    -.24119326
0.53976988    -.24424244
0.54027014    -.24728920
0.54077039    -.25033351
0.54127064    -.25337536
0.54177089    -.25641470
0.54227114    -.25945150
0.54277139    -.26248575
0.54327164    -.26551740
0.54377189    -.26854642
0.54427214    -.27157280
0.54477239    -.27459649
0.54527264    -.27761747
0.54577289    -.28063570
0.54627314    -.28365117
0.54677339    -.28666383
0.54727364    -.28967365
0.54777389    -.29268062
0.54827414    -.29568470
0.54877439    -.29868585
0.54927464    -.30168405
0.54977489    -.30467928
0.55027514    -.30767149
0.55077539    -.31066066
0.55127564    -.31364677
0.55177589    -.31662977
0.55227614    -.31960965
0.55277639    -.32258637
0.55327664    -.32555990
0.55377689    -.32853022
0.55427714    -.33149729
0.55477739    -.33446108
0.55527764    -.33742157
0.55577789    -.34037873
0.55627814    -.34333252
0.55677839    -.34628293
0.55727864    -.34922991
0.55777889    -.35217344
0.55827914    -.35511349
0.55877939    -.35805004
0.55927964    -.36098304
0.55977989    -.36391248
0.56028014    -.36683833
0.56078039    -.36976055
0.56128064    -.37267912
0.56178089    -.37559400
0.56228114    -.37850518
0.56278139    -.38141261
0.56328164    -.38431628
0.56378189    -.38721615
0.56428214    -.39011220
0.56478239    -.39300439
0.56528264    -.39589270
0.56578289    -.39877709
0.56628314    -.40165755
0.56678339    -.40453404
0.56728364    -.40740653
0.56778389    -.41027500
0.56828414    -.41313941
0.56878439    -.41599975
0.56928464    -.41885597
0.56978489    -.42170806
0.57028514    -.42455597
0.57078539    -.42739970
0.57128564    -.43023920
0.57178589    -.43307445
0.57228614    -.43590542
0.57278639    -.43873209
0.57328664    -.44155442
0.57378689    -.44437239
0.57428714    -.44718597
0.57478739    -.44999513
0.57528764    -.45279985
0.57578789    -.45560009
0.57628814    -.45839583
0.57678839    -.46118704
0.57728864    -.46397370
0.57778889    -.46675577
0.57828914    -.46953323
0.57878939    -.47230606
0.57928964    -.47507421
0.57978989    -.47783767
0.58029015    -.48059642
0.58079040    -.48335041
0.58129065    -.48609963
0.58179090    -.48884405
0.58229115    -.49158363
0.58279140    -.49431836
0.58329165    -.49704821
0.58379190    -.49977314
0.58429215    -.50249314
0.58479240    -.50520818
0.58529265    -.50791822
0.58579290    -.51062324
0.58629315    -.51332322
0.58679340    -.51601813
0.58729365    -.51870794
0.58779390    -.52139263
0.58829415    -.52407217
0.58879440    -.52674652
0.58929465    -.52941568
0.58979490    -.53207960
0.59029515    -.53473827
0.59079540    -.53739165
0.59129565    -.54003973
0.59179590    -.54268246
0.59229615    -.54531984
0.59279640    -.54795183
0.59329665    -.55057841
0.59379690    -.55319955
0.59429715    -.55581522
0.59479740    -.55842540
0.59529765    -.56103006
0.59579790    -.56362919
0.59629815    -.56622274
0.59679840    -.56881070
0.59729865    -.57139304
0.59779890    -.57396973
0.59829915    -.57654076
0.59879940    -.57910608
0.59929965    -.58166569
0.59979990    -.58421955
0.60030015    -.58676764
0.60080040    -.58930993
0.60130065    -.59184640
0.60180090    -.59437702
0.60230115    -.59690177
0.60280140    -.59942062
0.60330165    -.60193356
0.60380190    -.60444054
0.60430215    -.60694155
0.60480240    -.60943657
0.60530265    -.61192556
0.60580290    -.61440851
0.60630315    -.61688539
0.60680340    -.61935618
0.60730365    -.62182085
0.60780390    -.62427937
0.60830415    -.62673173
0.60880440    -.62917789
0.60930465    -.63161784
0.60980490    -.63405155
0.61030515    -.63647899
0.61080540    -.63890015
0.61130565    -.64131499
0.61180590    -.64372350
0.61230615    -.64612565
0.61280640    -.64852141
0.61330665    -.65091077
0.61380690    -.65329370
0.61430715    -.65567017
0.61480740    -.65804016
0.61530765    -.66040366
0.61580790    -.66276063
0.61630815    -.66511105
0.61680840    -.66745490
0.61730865    -.66979216
0.61780890    -.67212280
0.61830915    -.67444680
0.61880940    -.67676413
0.61930965    -.67907478
0.61980990    -.68137873
0.62031016    -.68367594
0.62081041    -.68596639
0.62131066    -.68825007
0.62181091    -.69052695
0.62231116    -.69279701
0.62281141    -.69506022
0.62331166    -.69731656
0.62381191    -.69956602
0.62431216    -.70180857
0.62481241    -.70404418
0.62531266    -.70627283
0.62581291    -.70849451
0.62631316    -.71070919
0.62681341    -.71291685
0.62731366    -.71511746
0.62781391    -.71731101
0.62831416    -.71949747
0.62881441    -.72167683
0.62931466    -.72384905
0.62981491    -.72601413
0.63031516    -.72817203
0.63081541    -.73032273
0.63131566    -.73246622
0.63181591    -.73460248
0.63231616    -.73673148
0.63281641    -.73885320
0.63331666    -.74096762
0.63381691    -.74307472
0.63431716    -.74517447
0.63481741    -.74726687
0.63531766    -.74935188
0.63581791    -.75142949
0.63631816    -.75349968
0.63681841    -.75556242
0.63731866    -.75761770
0.63781891    -.75966549
0.63831916    -.76170578
0.63881941    -.76373854
0.63931966    -.76576376
0.63981991    -.76778141
0.64032016    -.76979148
0.64082041    -.77179394
0.64132066    -.77378878
0.64182091    -.77577597
0.64232116    -.77775550
0.64282141    -.77972734
0.64332166    -.78169148
0.64382191    -.78364790
0.64432216    -.78559658
0.64482241    -.78753749
0.64532266    -.78947062
0.64582291    -.79139596
0.64632316    -.79331348
0.64682341    -.79522315
0.64732366    -.79712498
0.64782391    -.79901892
0.64832416    -.80090498
0.64882441    -.80278312
0.64932466    -.80465333
0.64982491    -.80651559
0.65032516    -.80836988
0.65082541    -.81021618
0.65132566    -.81205448
0.65182591    -.81388476
0.65232616    -.81570700
0.65282641    -.81752118
0.65332666    -.81932728
0.65382691    -.82112529
0.65432716    -.82291519
0.65482741    -.82469695
0.65532766    -.82647057
0.65582791    -.82823602
0.65632816    -.82999329
0.65682841    -.83174236
0.65732866    -.83348322
0.65782891    -.83521584
0.65832916    -.83694020
0.65882941    -.83865630
0.65932966    -.84036412
0.65982991    -.84206363
0.66033017    -.84375482
0.66083042    -.84543767
0.66133067    -.84711218
0.66183092    -.84877831
0.66233117    -.85043606
0.66283142    -.85208541
0.66333167    -.85372634
0.66383192    -.85535883
0.66433217    -.85698288
0.66483242    -.85859845
0.66533267    -.86020555
0.66583292    -.86180415
0.66633317    -.86339423
0.66683342    -.86497578
0.66733367    -.86654879
0.66783392    -.86811324
0.66833417    -.86966910
0.66883442    -.87121638
0.66933467    -.87275505
0.66983492    -.87428510
0.67033517    -.87580651
0.67083542    -.87731927
0.67133567    -.87882336
0.67183592    -.88031877
0.67233617    -.88180548
0.67283642    -.88328348
0.67333667    -.88475275
0.67383692    -.88621329
0.67433717    -.88766506
0.67483742    -.88910807
0.67533767    -.89054230
0.67583792    -.89196772
0.67633817    -.89338433
0.67683842    -.89479212
0.67733867    -.89619107
0.67783892    -.89758116
0.67833917    -.89896239
0.67883942    -.90033473
0.67933967    -.90169818
0.67983992    -.90305272
0.68034017    -.90439834
0.68084042    -.90573503
0.68134067    -.90706276
0.68184092    -.90838154
0.68234117    -.90969134
0.68284142    -.91099215
0.68334167    -.91228396
0.68384192    -.91356676
0.68434217    -.91484054
0.68484242    -.91610528
0.68534267    -.91736096
0.68584292    -.91860758
0.68634317    -.91984513
0.68684342    -.92107359
0.68734367    -.92229295
0.68784392    -.92350320
0.68834417    -.92470433
0.68884442    -.92589631
0.68934467    -.92707916
0.68984492    -.92825284
0.69034517    -.92941735
0.69084542    -.93057268
0.69134567    -.93171882
0.69184592    -.93285575
0.69234617    -.93398346
0.69284642    -.93510195
0.69334667    -.93621120
0.69384692    -.93731120
0.69434717    -.93840194
0.69484742    -.93948341
0.69534767    -.94055560
0.69584792    -.94161850
0.69634817    -.94267209
0.69684842    -.94371637
0.69734867    -.94475133
0.69784892    -.94577695
0.69834917    -.94679323
0.69884942    -.94780015
0.69934967    -.94879771
0.69984992    -.94978590
0.70035018    -.95076471
0.70085043    -.95173412
0.70135068    -.95269413
0.70185093    -.95364472
0.70235118    -.95458590
0.70285143    -.95551764
0.70335168    -.95643995
0.70385193    -.95735280
0.70435218    -.95825620
0.70485243    -.95915013
0.70535268    -.96003458
0.70585293    -.96090955
0.70635318    -.96177503
0.70685343    -.96263100
0.70735368    -.96347747
0.70785393    -.96431441
0.70835418    -.96514183
0.70885443    -.96595971
0.70935468    -.96676805
0.70985493    -.96756684
0.71035518    -.96835607
0.71085543    -.96913574
0.71135568    -.96990583
0.71185593    -.97066633
0.71235618    -.97141725
0.71285643    -.97215857
0.71335668    -.97289028
0.71385693    -.97361239
0.71435718    -.97432487
0.71485743    -.97502773
0.71535768    -.97572096
0.71585793    -.97640454
0.71635818    -.97707848
0.71685843    -.97774277
0.71735868    -.97839740
0.71785893    -.97904236
0.71835918    -.97967765
0.71885943    -.98030326
0.71935968    -.98091919
0.71985993    -.98152542
0.72036018    -.98212196
0.72086043    -.98270879
0.72136068    -.98328592
0.72186093    -.98385333
0.72236118    -.98441102
0.72286143    -.98495899
0.72336168    -.98549723
0.72386193    -.98602573
0.72436218    -.98654448
0.72486243    -.98705349
0.72536268    -.98755275
0.72586293    -.98804226
0.72636318    -.98852200
0.72686343    -.98899198
0.72736368    -.98945218
0.72786393    -.98990261
0.72836418    -.99034326
0.72886443    -.99077413
0.72936468    -.99119521
0.72986493    -.99160649
0.73036518    -.99200798
0.73086543    -.99239967
0.73136568    -.99278155
0.73186593    -.99315363
0.73236618    -.99351589
0.73286643    -.99386834
0.73336668    -.99421097
0.73386693    -.99454378
0.73436718    -.99486676
0.73486743    -.99517991
0.73536768    -.99548323
0.73586793    -.99577672
0.73636818    -.99606037
0.73686843    -.99633418
0.73736868    -.99659814
0.73786893    -.99685226
0.73836918    -.99709653
0.73886943    -.99733095
0.73936968    -.99755552
0.73986993    -.99777023
0.74037019    -.99797508
0.74087044    -.99817008
0.74137069    -.99835521
0.74187094    -.99853048
0.74237119    -.99869588
0.74287144    -.99885142
0.74337169    -.99899709
0.74387194    -.99913289
0.74437219    -.99925882
0.74487244    -.99937488
0.74537269    -.99948106
0.74587294    -.99957737
0.74637319    -.99966381
0.74687344    -.99974037
0.74737369    -.99980705
0.74787394    -.99986385
0.74837419    -.99991078
0.74887444    -.99994782
0.74937469    -.99997499
0.74987494    -.99999228
0.75037519    -.99999969
0.75087544    -.99999722
0.75137569    -.99998487
0.75187594    -.99996264
0.75237619    -.99993054
0.75287644    -.99988855
0.75337669    -.99983668
0.75387694    -.99977494
0.75437719    -.99970332
0.75487744    -.99962182
0.75537769    -.99953045
0.75587794    -.99942921
0.75637819    -.99931808
0.75687844    -.99919709
0.75737869    -.99906623
0.75787894    -.99892549
0.75837919    -.99877489
0.75887944    -.99861441
0.75937969    -.99844408
0.75987994    -.99826387
0.76038019    -.99807381
0.76088044    -.99787389
0.76138069    -.99766410
0.76188094    -.99744446
0.76238119    -.99721497
0.76288144    -.99697563
0.76338169    -.99672643
0.76388194    -.99646739
0.76438219    -.99619850
0.76488244    -.99591977
0.76538269    -.99563121
0.76588294    -.99533280
0.76638319    -.99502456
0.76688344    -.99470650
0.76738369    -.99437860
0.76788394    -.99404088
0.76838419    -.99369334
0.76888444    -.99333599
0.76938469    -.99296882
0.76988494    -.99259184
0.77038519    -.99220505
0.77088544    -.99180846
0.77138569    -.99140207
0.77188594    -.99098589
0.77238619    -.99055992
0.77288644    -.99012416
0.77338669    -.98967862
0.77388694    -.98922330
0.77438719    -.98875821
0.77488744    -.98828335
0.77538769    -.98779873
0.77588794    -.98730434
0.77638819    -.98680021
0.77688844    -.98628632
0.77738869    -.98576269
0.77788894    -.98522932
0.77838919    -.98468622
0.77888944    -.98413339
0.77938969    -.98357084
0.77988994    -.98299857
0.78039020    -.98241659
0.78089045    -.98182490
0.78139070    -.98122352
0.78189095    -.98061243
0.78239120    -.97999167
0.78289145    -.97936121
0.78339170    -.97872109
0.78389195    -.97807129
0.78439220    -.97741183
0.78489245    -.97674272
0.78539270    -.97606396
0.78589295    -.97537555
0.78639320    -.97467751
0.78689345    -.97396983
0.78739370    -.97325254
0.78789395    -.97252563
0.78839420    -.97178911
0.78889445    -.97104299
0.78939470    -.97028728
0.78989495    -.96952198
0.79039520    -.96874710
0.79089545    -.96796265
0.79139570    -.96716864
0.79189595    -.96636508
0.79239620    -.96555196
0.79289645    -.96472931
0.79339670    -.96389713
0.79389695    -.96305542
0.79439720    -.96220420
0.79489745    -.96134348
0.79539770    -.96047325
0.79589795    -.95959354
0.79639820    -.95870435
0.79689845    -.95780568
0.79739870    -.95689756
0.79789895    -.95597998
0.79839920    -.95505295
0.79889945    -.95411649
0.79939970    -.95317060
0.79989995    -.95221530
0.80040020    -.95125059
0.80090045    -.95027648
0.80140070    -.94929298
0.80190095    -.94830010
0.80240120    -.94729786
0.80290145    -.94628626
0.80340170    -.94526530
0.80390195    -.94423501
0.80440220    -.94319539
0.80490245    -.94214646
0.80540270    -.94108821
0.80590295    -.94002067
0.80640320    -.93894384
0.80690345    -.93785773
0.80740370    -.93676236
0.80790395    -.93565773
0.80840420    -.93454386
0.80890445    -.93342076
0.80940470    -.93228843
0.80990495    -.93114690
0.81040520    -.92999616
0.81090545    -.92883624
0.81140570    -.92766714
0.81190595    -.92648888
0.81240620    -.92530146
0.81290645    -.92410490
0.81340670    -.92289922
0.81390695    -.92168441
0.81440720    -.92046050
0.81490745    -.91922749
0.81540770    -.91798541
0.81590795    -.91673425
0.81640820    -.91547404
0.81690845    -.91420478
0.81740870    -.91292649
0.81790895    -.91163918
0.81840920    -.91034287
0.81890945    -.90903756
0.81940970    -.90772327
0.81990995    -.90640001
0.82041021    -.90506780
0.82091046    -.90372665
0.82141071    -.90237657
0.82191096    -.90101757
0.82241121    -.89964967
0.82291146    -.89827288
0.82341171    -.89688722
0.82391196    -.89549270
0.82441221    -.89408933
0.82491246    -.89267713
0.82541271    -.89125611
0.82591296    -.88982628
0.82641321    -.88838767
0.82691346    -.88694027
0.82741371    -.88548411
0.82791396    -.88401921
0.82841421    -.88254557
0.82891446    -.88106321
0.82941471    -.87957215
0.82991496    -.87807240
0.83041521    -.87656397
0.83091546    -.87504689
0.83141571    -.87352116
0.83191596    -.87198679
0.83241621    -.87044382
0.83291646    -.86889224
0.83341671    -.86733208
0.83391696    -.86576335
0.83441721    -.86418607
0.83491746    -.86260025
0.83541771    -.86100591
0.83591796    -.85940306
0.83641821    -.85779172
0.83691846    -.85617191
0.83741871    -.85454364
0.83791896    -.85290693
0.83841921    -.85126179
0.83891946    -.84960824
0.83941971    -.84794629
0.83991996    -.84627597
0.84042021    -.84459729
0.84092046    -.84291026
0.84142071    -.84121491
0.84192096    -.83951125
0.84242121    -.83779929
0.84292146    -.83607905
0.84342171    -.83435056
0.84392196    -.83261382
0.84442221    -.83086885
0.84492246    -.82911568
0.84542271    -.82735432
0.84592296    -.82558478
0.84642321    -.82380709
0.84692346    -.82202125
0.84742371    -.82022730
0.84792396    -.81842524
0.84842421    -.81661510
0.84892446    -.81479689
0.84942471    -.81297063
0.84992496    -.81113634
0.85042521    -.80929403
0.85092546    -.80744373
0.85142571    -.80558545
0.85192596    -.80371921
0.85242621    -.80184504
0.85292646    -.79996294
0.85342671    -.79807294
0.85392696    -.79617505
0.85442721    -.79426930
0.85492746    -.79235570
0.85542771    -.79043427
0.85592796    -.78850503
0.85642821    -.78656800
0.85692846    -.78462321
0.85742871    -.78267066
0.85792896    -.78071038
0.85842921    -.77874238
0.85892946    -.77676669
0.85942971    -.77478333
0.85992996    -.77279231
0.86043022    -.77079366
0.86093047    -.76878740
0.86143072    -.76677353
0.86193097    -.76475210
0.86243122    -.76272310
0.86293147    -.76068658
0.86343172    -.75864253
0.86393197    -.75659100
0.86443222    -.75453198
0.86493247    -.75246552
0.86543272    -.75039161
0.86593297    -.74831030
0.86643322    -.74622159
0.86693347    -.74412551
0.86743372    -.74202208
0.86793397    -.73991132
0.86843422    -.73779325
0.86893447    -.73566789
0.86943472    -.73353526
0.86993497    -.73139538
0.87043522    -.72924828
0.87093547    -.72709397
0.87143572    -.72493248
0.87193597    -.72276383
0.87243622    -.72058804
0.87293647    -.71840513
0.87343672    -.71621512
0.87393697    -.71401804
0.87443722    -.71181390
0.87493747    -.70960273
0.87543772    -.70738455
0.87593797    -.70515938
0.87643822    -.70292724
0.87693847    -.70068816
0.87743872    -.69844215
0.87793897    -.69618925
0.87843922    -.69392947
0.87893947    -.69166283
0.87943972    -.68938936
0.87993997    -.68710908
0.88044022    -.68482201
0.88094047    -.68252817
0.88144072    -.68022760
0.88194097    -.67792030
0.88244122    -.67560630
0.88294147    -.67328563
0.88344172    -.67095831
0.88394197    -.66862436
0.88444222    -.66628380
0.88494247    -.66393666
0.88544272    -.66158296
0.88594297    -.65922273
0.88644322    -.65685598
0.88694347    -.65448274
0.88744372    -.65210304
0.88794397    -.64971689
0.88844422    -.64732433
0.88894447    -.64492537
0.88944472    -.64252004
0.88994497    -.64010836
0.89044522    -.63769036
0.89094547    -.63526605
0.89144572    -.63283547
0.89194597    -.63039864
0.89244622    -.62795558
0.89294647    -.62550632
0.89344672    -.62305088
0.89394697    -.62058928
0.89444722    -.61812155
0.89494747    -.61564771
0.89544772    -.61316780
0.89594797    -.61068182
0.89644822    -.60818981
0.89694847    -.60569179
0.89744872    -.60318779
0.89794897    -.60067783
0.89844922    -.59816194
0.89894947    -.59564013
0.89944972    -.59311244
0.89994997    -.59057889
0.90045023    -.58803951
0.90095048    -.58549432
0.90145073    -.58294334
0.90195098    -.58038660
0.90245123    -.57782413
0.90295148    -.57525595
0.90345173    -.57268209
0.90395198    -.57010257
0.90445223    -.56751742
0.90495248    -.56492666
0.90545273    -.56233032
0.90595298    -.55972842
0.90645323    -.55712100
0.90695348    -.55450807
0.90745373    -.55188966
0.90795398    -.54926580
0.90845423    -.54663651
0.90895448    -.54400183
0.90945473    -.54136176
0.90995498    -.53871635
0.91045523    -.53606562
0.91095548    -.53340959
0.91145573    -.53074829
0.91195598    -.52808175
0.91245623    -.52540999
0.91295648    -.52273304
0.91345673    -.52005093
0.91395698    -.51736368
0.91445723    -.51467131
0.91495748    -.51197387
0.91545773    -.50927136
0.91595798    -.50656382
0.91645823    -.50385128
0.91695848    -.50113376
0.91745873    -.49841129
0.91795898    -.49568390
0.91845923    -.49295161
0.91895948    -.49021444
0.91945973    -.48747244
0.91995998    -.48472562
0.92046023    -.48197401
0.92096048    -.47921764
0.92146073    -.47645653
0.92196098    -.47369072
0.92246123    -.47092023
0.92296148    -.46814508
0.92346173    -.46536531
0.92396198    -.46258094
0.92446223    -.45979201
0.92496248    -.45699853
0.92546273    -.45420053
0.92596298    -.45139805
0.92646323    -.44859111
0.92696348    -.44577973
0.92746373    -.44296395
0.92796398    -.44014380
0.92846423    -.43731930
0.92896448    -.43449047
0.92946473    -.43165736
0.92996498    -.42881998
0.93046523    -.42597836
0.93096548    -.42313254
0.93146573    -.42028253
0.93196598    -.41742837
0.93246623    -.41457009
0.93296648    -.41170772
0.93346673    -.40884127
0.93396698    -.40597079
0.93446723    -.40309629
0.93496748    -.40021782
0.93546773    -.39733538
0.93596798    -.39444903
0.93646823    -.39155878
0.93696848    -.38866465
0.93746873    -.38576669
0.93796898    -.38286492
0.93846923    -.37995936
0.93896948    -.37705005
0.93946973    -.37413702
0.93996998    -.37122029
0.94047024    -.36829989
0.94097049    -.36537586
0.94147074    -.36244821
0.94197099    -.35951698
0.94247124    -.35658220
0.94297149    -.35364390
0.94347174    -.35070211
0.94397199    -.34775685
0.94447224    -.34480815
0.94497249    -.34185605
0.94547274    -.33890057
0.94597299    -.33594174
0.94647324    -.33297959
0.94697349    -.33001416
0.94747374    -.32704546
0.94797399    -.32407353
0.94847424    -.32109840
0.94897449    -.31812010
0.94947474    -.31513866
0.94997499    -.31215410
0.95047524    -.30916646
0.95097549    -.30617576
0.95147574    -.30318204
0.95197599    -.30018532
0.95247624    -.29718564
0.95297649    -.29418302
0.95347674    -.29117750
0.95397699    -.28816910
0.95447724    -.28515785
0.95497749    -.28214378
0.95547774    -.27912693
0.95597799    -.27610732
0.95647824    -.27308498
0.95697849    -.27005994
0.95747874    -.26703224
0.95797899    -.26400190
0.95847924    -.26096895
0.95897949    -.25793342
0.95947974    -.25489534
0.95997999    -.25185475
0.96048024    -.24881166
0.96098049    -.24576612
0.96148074    -.24271815
0.96198099    -.23966778
0.96248124    -.23661505
0.96298149    -.23355997
0.96348174    -.23050259
0.96398199    -.22744294
0.96448224    -.22438103
0.96498249    -.22131691
0.96548274    -.21825060
0.96598299    -.21518214
0.96648324    -.21211155
0.96698349    -.20903886
0.96748374    -.20596411
0.96798399    -.20288732
0.96848424    -.19980853
0.96898449    -.19672777
0.96948474    -.19364506
0.96998499    -.19056044
0.97048524    -.18747394
0.97098549    -.18438558
0.97148574    -.18129541
0.97198599    -.17820344
0.97248624    -.17510971
0.97298649    -.17201425
0.97348674    -.16891709
0.97398699    -.16581826
0.97448724    -.16271780
0.97498749    -.15961573
0.97548774    -.15651208
0.97598799    -.15340688
0.97648824    -.15030017
0.97698849    -.14719197
0.97748874    -.14408232
0.97798899    -.14097125
0.97848924    -.13785878
0.97898949    -.13474495
0.97948974    -.13162979
0.97998999    -.12851333
0.98049025    -.12539560
0.98099050    -.12227663
0.98149075    -.11915645
0.98199100    -.11603510
0.98249125    -.11291260
0.98299150    -.10978898
0.98349175    -.10666428
0.98399200    -.10353853
0.98449225    -.10041175
0.98499250    -.09728398
0.98549275    -.09415525
0.98599300    -.09102559
0.98649325    -.08789503
0.98699350    -.08476360
0.98749375    -.08163134
0.98799400    -.07849826
0.98849425    -.07536442
0.98899450    -.07222982
0.98949475    -.06909452
0.98999500    -.06595853
0.99049525    -.06282189
0.99099550    -.05968463
0.99149575    -.05654678
0.99199600    -.05340837
0.99249625    -.05026943
0.99299650    -.04713000
0.99349675    -.04399010
0.99399700    -.04084977
0.99449725    -.03770903
0.99499750    -.03456792
0.99549775    -.03142647
0.99599800    -.02828471
0.99649825    -.02514266
0.99699850    -.02200037
0.99749875    -.01885787
0.99799900    -.01571517
0.99849925    -.01257233
0.99899950    -.00942935
0.99949975    -.00628629
1.00000000    -.00314316
