              4        0.6646647              -0.8596676
              4        0.6656657              -0.8628636
              4        0.6666667              -0.8660254
              4        0.6676677              -0.8691530
              4        0.6686687              -0.8722462
              4        0.6696697              -0.8753049
              4        0.6706707              -0.8783290
              4        0.6716717              -0.8813183
              4        0.6726727              -0.8842728
              4        0.6736737              -0.8871923
              4        0.6746747              -0.8900767
              4        0.6756757              -0.8929259
              4        0.6766767              -0.8957397
              4        0.6776777              -0.8985182
              4        0.6786787              -0.9012610
              4        0.6796797              -0.9039683
              4        0.6806807              -0.9066398
              4        0.6816817              -0.9092754
              4        0.6826827              -0.9118750
              4        0.6836837              -0.9144386
              4        0.6846847              -0.9169660
              4        0.6856857              -0.9194571
              4        0.6866867              -0.9219119
              4        0.6876877              -0.9243302
              4        0.6886887              -0.9267119
              4        0.6896897              -0.9290570
              4        0.6906907              -0.9313653
              4        0.6916917              -0.9336368
              4        0.6926927              -0.9358713
              4        0.6936937              -0.9380688
              4        0.6946947              -0.9402292
              4        0.6956957              -0.9423525
              4        0.6966967              -0.9444384
              4        0.6976977              -0.9464870
              4        0.6986987              -0.9484981
              4        0.6996997              -0.9504718
              4        0.7007007              -0.9524078
              4        0.7017017              -0.9543061
              4        0.7027027              -0.9561667
              4        0.7037037              -0.9579895
              4        0.7047047              -0.9597744
              4        0.7057057              -0.9615213
              4        0.7067067              -0.9632302
              4        0.7077077              -0.9649010
              4        0.7087087              -0.9665336
              4        0.7097097              -0.9681280
              4        0.7107107              -0.9696840
              4        0.7117117              -0.9712018
              4        0.7127127              -0.9726811
              4        0.7137137              -0.9741219
              4        0.7147147              -0.9755242
              4        0.7157157              -0.9768879
              4        0.7167167              -0.9782129
              4        0.7177177              -0.9794993
              4        0.7187187              -0.9807469
              4        0.7197197              -0.9819557
              4        0.7207207              -0.9831257
              4        0.7217217              -0.9842568
              4        0.7227227              -0.9853490
              4        0.7237237              -0.9864021
              4        0.7247247              -0.9874163
              4        0.7257257              -0.9883914
              4        0.7267267              -0.9893274
              4        0.7277277              -0.9902243
              4        0.7287287              -0.9910819
              4        0.7297297              -0.9919004
              4        0.7307307              -0.9926797
              4        0.7317317              -0.9934197
              4        0.7327327              -0.9941204
              4        0.7337337              -0.9947817
              4        0.7347347              -0.9954037
              4        0.7357357              -0.9959864
              4        0.7367367              -0.9965296
              4        0.7377377              -0.9970334
              4        0.7387387              -0.9974978
              4        0.7397397              -0.9979227
              4        0.7407407              -0.9983082
              4        0.7417417              -0.9986541
              4        0.7427427              -0.9989606
              4        0.7437437              -0.9992275
              4        0.7447447              -0.9994549
              4        0.7457457              -0.9996428
              4        0.7467467              -0.9997911
              4        0.7477477              -0.9998999
              4        0.7487487              -0.9999691
              4        0.7497497              -0.9999988
              4        0.7507508              -0.9999889
              4        0.7517518              -0.9999394
              4        0.7527528              -0.9998504
              4        0.7537538              -0.9997219
              4        0.7547548              -0.9995538
              4        0.7557558              -0.9993461
              4        0.7567568              -0.9990990
              4        0.7577578              -0.9988123
              4        0.7587588              -0.9984861
              4        0.7597598              -0.9981204
              4        0.7607608              -0.9977152
              4        0.7617618              -0.9972705
              4        0.7627628              -0.9967864
              4        0.7637638              -0.9962629
              4        0.7647648              -0.9957000
              4        0.7657658              -0.9950976
              4        0.7667668              -0.9944560
              4        0.7677678              -0.9937749
              4        0.7687688              -0.9930546
              4        0.7697698              -0.9922950
              4        0.7707708              -0.9914961
              4        0.7717718              -0.9906580
              4        0.7727728              -0.9897807
              4        0.7737738              -0.9888643
              4        0.7747748              -0.9879087
              4        0.7757758              -0.9869141
              4        0.7767768              -0.9858804
              4        0.7777778              -0.9848078
              4        0.7787788              -0.9836961
              4        0.7797798              -0.9825456
              4        0.7807808              -0.9813562
              4        0.7817818              -0.9801280
              4        0.7827828              -0.9788610
              4        0.7837838              -0.9775552
              4        0.7847848              -0.9762109
              4        0.7857858              -0.9748278
              4        0.7867868              -0.9734063
              4        0.7877878              -0.9719462
              4        0.7887888              -0.9704477
              4        0.7897898              -0.9689108
              4        0.7907908              -0.9673355
              4        0.7917918              -0.9657220
              4        0.7927928              -0.9640703
              4        0.7937938              -0.9623805
              4        0.7947948              -0.9606526
              4        0.7957958              -0.9588867
              4        0.7967968              -0.9570829
              4        0.7977978              -0.9552412
              4        0.7987988              -0.9533617
              4        0.7997998              -0.9514445
              4        0.8008008              -0.9494896
              4        0.8018018              -0.9474972
              4        0.8028028              -0.9454674
              4        0.8038038              -0.9434001
              4        0.8048048              -0.9412955
              4        0.8058058              -0.9391537
              4        0.8068068              -0.9369747
              4        0.8078078              -0.9347587
              4        0.8088088              -0.9325056
              4        0.8098098              -0.9302157
              4        0.8108108              -0.9278890
              4        0.8118118              -0.9255256
              4        0.8128128              -0.9231256
              4        0.8138138              -0.9206891
              4        0.8148148              -0.9182161
              4        0.8158158              -0.9157068
              4        0.8168168              -0.9131613
              4        0.8178178              -0.9105797
              4        0.8188188              -0.9079621
              4        0.8198198              -0.9053085
              4        0.8208208              -0.9026191
              4        0.8218218              -0.8998941
              4        0.8228228              -0.8971334
              4        0.8238238              -0.8943372
              4        0.8248248              -0.8915057
              4        0.8258258              -0.8886389
              4        0.8268268              -0.8857369
              4        0.8278278              -0.8827999
              4        0.8288288              -0.8798280
              4        0.8298298              -0.8768213
          99800        0.6646647              -0.7736039
          99800        0.6656657              -0.7754089
          99800        0.6666667              -0.7771889
          99800        0.6676677              -0.7789397
          99800        0.6686687              -0.7806582
          99800        0.6696697              -0.7823421
          99800        0.6706707              -0.7839901
          99800        0.6716717              -0.7856015
          99800        0.6726727              -0.7871759
          99800        0.6736737              -0.7887130
          99800        0.6746747              -0.7902130
          99800        0.6756757              -0.7916759
          99800        0.6766767              -0.7931017
          99800        0.6776777              -0.7944906
          99800        0.6786787              -0.7958426
          99800        0.6796797              -0.7971578
          99800        0.6806807              -0.7984365
          99800        0.6816817              -0.7996786
          99800        0.6826827              -0.8008843
          99800        0.6836837              -0.8020537
          99800        0.6846847              -0.8031869
          99800        0.6856857              -0.8042841
          99800        0.6866867              -0.8053454
          99800        0.6876877              -0.8063708
          99800        0.6886887              -0.8073606
          99800        0.6896897              -0.8083148
          99800        0.6906907              -0.8092335
          99800        0.6916917              -0.8101170
          99800        0.6926927              -0.8109653
          99800        0.6936937              -0.8117785
          99800        0.6946947              -0.8125568
          99800        0.6956957              -0.8133004
          99800        0.6966967              -0.8140094
          99800        0.6976977              -0.8146838
          99800        0.6986987              -0.8153240
          99800        0.6996997              -0.8159299
          99800        0.7007007              -0.8165017
          99800        0.7017017              -0.8170396
          99800        0.7027027              -0.8175438
          99800        0.7037037              -0.8180143
          99800        0.7047047              -0.8184514
          99800        0.7057057              -0.8188552
          99800        0.7067067              -0.8192257
          99800        0.7077077              -0.8195633
          99800        0.7087087              -0.8198680
          99800        0.7097097              -0.8201400
          99800        0.7107107              -0.8203795
          99800        0.7117117              -0.8205866
          99800        0.7127127              -0.8207614
          99800        0.7137137              -0.8209042
          99800        0.7147147              -0.8210151
          99800        0.7157157              -0.8210942
          99800        0.7167167              -0.8211418
          99800        0.7177177              -0.8211580
          99800        0.7187187              -0.8211429
          99800        0.7197197              -0.8210968
          99800        0.7207207              -0.8210197
          99800        0.7217217              -0.8209119
          99800        0.7227227              -0.8207736
          99800        0.7237237              -0.8206049
          99800        0.7247247              -0.8204060
          99800        0.7257257              -0.8201770
          99800        0.7267267              -0.8199182
          99800        0.7277277              -0.8196297
          99800        0.7287287              -0.8193117
          99800        0.7297297              -0.8189644
          99800        0.7307307              -0.8185879
          99800        0.7317317              -0.8181825
          99800        0.7327327              -0.8177483
          99800        0.7337337              -0.8172855
          99800        0.7347347              -0.8167943
          99800        0.7357357              -0.8162748
          99800        0.7367367              -0.8157274
          99800        0.7377377              -0.8151520
          99800        0.7387387              -0.8145491
          99800        0.7397397              -0.8139186
          99800        0.7407407              -0.8132609
          99800        0.7417417              -0.8125761
          99800        0.7427427              -0.8118643
          99800        0.7437437              -0.8111259
          99800        0.7447447              -0.8103610
          99800        0.7457457              -0.8095698
          99800        0.7467467              -0.8087524
          99800        0.7477477              -0.8079092
          99800        0.7487487              -0.8070402
          99800        0.7497497              -0.8061457
          99800        0.7507508              -0.8052258
          99800        0.7517518              -0.8042809
          99800        0.7527528              -0.8033110
          99800        0.7537538              -0.8023164
          99800        0.7547548              -0.8012974
          99800        0.7557558              -0.8002540
          99800        0.7567568              -0.7991865
          99800        0.7577578              -0.7980951
          99800        0.7587588              -0.7969800
          99800        0.7597598              -0.7958415
          99800        0.7607608              -0.7946796
          99800        0.7617618              -0.7934948
          99800        0.7627628              -0.7922870
          99800        0.7637638              -0.7910567
          99800        0.7647648              -0.7898039
          99800        0.7657658              -0.7885289
          99800        0.7667668              -0.7872319
          99800        0.7677678              -0.7859132
          99800        0.7687688              -0.7845729
          99800        0.7697698              -0.7832112
          99800        0.7707708              -0.7818284
          99800        0.7717718              -0.7804247
          99800        0.7727728              -0.7790003
          99800        0.7737738              -0.7775555
          99800        0.7747748              -0.7760904
          99800        0.7757758              -0.7746053
          99800        0.7767768              -0.7731004
          99800        0.7777778              -0.7715759
          99800        0.7787788              -0.7700321
          99800        0.7797798              -0.7684691
          99800        0.7807808              -0.7668873
          99800        0.7817818              -0.7652868
          99800        0.7827828              -0.7636679
          99800        0.7837838              -0.7620307
          99800        0.7847848              -0.7603756
          99800        0.7857858              -0.7587028
          99800        0.7867868              -0.7570124
          99800        0.7877878              -0.7553048
          99800        0.7887888              -0.7535801
          99800        0.7897898              -0.7518386
          99800        0.7907908              -0.7500806
          99800        0.7917918              -0.7483062
          99800        0.7927928              -0.7465158
          99800        0.7937938              -0.7447096
          99800        0.7947948              -0.7428877
          99800        0.7957958              -0.7410506
          99800        0.7967968              -0.7391983
          99800        0.7977978              -0.7373313
          99800        0.7987988              -0.7354497
          99800        0.7997998              -0.7335539
          99800        0.8008008              -0.7316440
          99800        0.8018018              -0.7297204
          99800        0.8028028              -0.7277834
          99800        0.8038038              -0.7258333
          99800        0.8048048              -0.7238703
          99800        0.8058058              -0.7218948
          99800        0.8068068              -0.7199071
          99800        0.8078078              -0.7179074
          99800        0.8088088              -0.7158962
          99800        0.8098098              -0.7138737
          99800        0.8108108              -0.7118403
          99800        0.8118118              -0.7097962
          99800        0.8128128              -0.7077419
          99800        0.8138138              -0.7056776
          99800        0.8148148              -0.7036035
          99800        0.8158158              -0.7015201
          99800        0.8168168              -0.6994275
          99800        0.8178178              -0.6973261
          99800        0.8188188              -0.6952160
          99800        0.8198198              -0.6930975
          99800        0.8208208              -0.6909707
          99800        0.8218218              -0.6888359
          99800        0.8228228              -0.6866931
          99800        0.8238238              -0.6845426
          99800        0.8248248              -0.6823846
          99800        0.8258258              -0.6802192
          99800        0.8268268              -0.6780467
          99800        0.8278278              -0.6758677
          99800        0.8288288              -0.6736826
          99800        0.8298298              -0.6714923
         199600        0.6646647              -0.6563348
         199600        0.6656657              -0.6576620
         199600        0.6666667              -0.6589726
         199600        0.6676677              -0.6602634
         199600        0.6686687              -0.6615317
         199600        0.6696697              -0.6627752
         199600        0.6706707              -0.6639924
         199600        0.6716717              -0.6651821
         199600        0.6726727              -0.6663438
         199600        0.6736737              -0.6674770
         199600        0.6746747              -0.6685814
         199600        0.6756757              -0.6696571
         199600        0.6766767              -0.6707042
         199600        0.6776777              -0.6717227
         199600        0.6786787              -0.6727128
         199600        0.6796797              -0.6736746
         199600        0.6806807              -0.6746083
         199600        0.6816817              -0.6755141
         199600        0.6826827              -0.6763921
         199600        0.6836837              -0.6772425
         199600        0.6846847              -0.6780656
         199600        0.6856857              -0.6788614
         199600        0.6866867              -0.6796301
         199600        0.6876877              -0.6803721
         199600        0.6886887              -0.6810873
         199600        0.6896897              -0.6817760
         199600        0.6906907              -0.6824384
         199600        0.6916917              -0.6830747
         199600        0.6926927              -0.6836850
         199600        0.6936937              -0.6842696
         199600        0.6946947              -0.6848286
         199600        0.6956957              -0.6853622
         199600        0.6966967              -0.6858706
         199600        0.6976977              -0.6863540
         199600        0.6986987              -0.6868126
         199600        0.6996997              -0.6872465
         199600        0.7007007              -0.6876561
         199600        0.7017017              -0.6880413
         199600        0.7027027              -0.6884025
         199600        0.7037037              -0.6887399
         199600        0.7047047              -0.6890536
         199600        0.7057057              -0.6893438
         199600        0.7067067              -0.6896107
         199600        0.7077077              -0.6898545
         199600        0.7087087              -0.6900754
         199600        0.7097097              -0.6902736
         199600        0.7107107              -0.6904494
         199600        0.7117117              -0.6906028
         199600        0.7127127              -0.6907341
         199600        0.7137137              -0.6908434
         199600        0.7147147              -0.6909311
         199600        0.7157157              -0.6909972
         199600        0.7167167              -0.6910420
         199600        0.7177177              -0.6910657
         199600        0.7187187              -0.6910684
         199600        0.7197197              -0.6910503
         199600        0.7207207              -0.6910118
         199600        0.7217217              -0.6909529
         199600        0.7227227              -0.6908738
         199600        0.7237237              -0.6907748
         199600        0.7247247              -0.6906560
         199600        0.7257257              -0.6905176
         199600        0.7267267              -0.6903599
         199600        0.7277277              -0.6901831
         199600        0.7287287              -0.6899872
         199600        0.7297297              -0.6897726
         199600        0.7307307              -0.6895394
         199600        0.7317317              -0.6892879
         199600        0.7327327              -0.6890181
         199600        0.7337337              -0.6887304
         199600        0.7347347              -0.6884249
         199600        0.7357357              -0.6881018
         199600        0.7367367              -0.6877613
         199600        0.7377377              -0.6874036
         199600        0.7387387              -0.6870288
         199600        0.7397397              -0.6866373
         199600        0.7407407              -0.6862292
         199600        0.7417417              -0.6858046
         199600        0.7427427              -0.6853638
         199600        0.7437437              -0.6849070
         199600        0.7447447              -0.6844344
         199600        0.7457457              -0.6839461
         199600        0.7467467              -0.6834424
         199600        0.7477477              -0.6829234
         199600        0.7487487              -0.6823893
         199600        0.7497497              -0.6818404
         199600        0.7507508              -0.6812768
         199600        0.7517518              -0.6806987
         199600        0.7527528              -0.6801063
         199600        0.7537538              -0.6794998
         199600        0.7547548              -0.6788795
         199600        0.7557558              -0.6782454
         199600        0.7567568              -0.6775977
         199600        0.7577578              -0.6769367
         199600        0.7587588              -0.6762626
         199600        0.7597598              -0.6755755
         199600        0.7607608              -0.6748757
         199600        0.7617618              -0.6741632
         199600        0.7627628              -0.6734384
         199600        0.7637638              -0.6727014
         199600        0.7647648              -0.6719523
         199600        0.7657658              -0.6711914
         199600        0.7667668              -0.6704189
         199600        0.7677678              -0.6696349
         199600        0.7687688              -0.6688396
         199600        0.7697698              -0.6680332
         199600        0.7707708              -0.6672159
         199600        0.7717718              -0.6663879
         199600        0.7727728              -0.6655494
         199600        0.7737738              -0.6647005
         199600        0.7747748              -0.6638414
         199600        0.7757758              -0.6629724
         199600        0.7767768              -0.6620935
         199600        0.7777778              -0.6612050
         199600        0.7787788              -0.6603071
         199600        0.7797798              -0.6593999
         199600        0.7807808              -0.6584836
         199600        0.7817818              -0.6575584
         199600        0.7827828              -0.6566245
         199600        0.7837838              -0.6556820
         199600        0.7847848              -0.6547312
         199600        0.7857858              -0.6537722
         199600        0.7867868              -0.6528052
         199600        0.7877878              -0.6518304
         199600        0.7887888              -0.6508479
         199600        0.7897898              -0.6498580
         199600        0.7907908              -0.6488608
         199600        0.7917918              -0.6478565
         199600        0.7927928              -0.6468452
         199600        0.7937938              -0.6458272
         199600        0.7947948              -0.6448026
         199600        0.7957958              -0.6437716
         199600        0.7967968              -0.6427345
         199600        0.7977978              -0.6416912
         199600        0.7987988              -0.6406421
         199600        0.7997998              -0.6395874
         199600        0.8008008              -0.6385271
         199600        0.8018018              -0.6374615
         199600        0.8028028              -0.6363908
         199600        0.8038038              -0.6353150
         199600        0.8048048              -0.6342345
         199600        0.8058058              -0.6331493
         199600        0.8068068              -0.6320597
         199600        0.8078078              -0.6309658
         199600        0.8088088              -0.6298677
         199600        0.8098098              -0.6287657
         199600        0.8108108              -0.6276598
         199600        0.8118118              -0.6265504
         199600        0.8128128              -0.6254374
         199600        0.8138138              -0.6243211
         199600        0.8148148              -0.6232017
         199600        0.8158158              -0.6220792
         199600        0.8168168              -0.6209538
         199600        0.8178178              -0.6198257
         199600        0.8188188              -0.6186949
         199600        0.8198198              -0.6175618
         199600        0.8208208              -0.6164263
         199600        0.8218218              -0.6152886
         199600        0.8228228              -0.6141489
         199600        0.8238238              -0.6130074
         199600        0.8248248              -0.6118642
         199600        0.8258258              -0.6107195
         199600        0.8268268              -0.6095736
         199600        0.8278278              -0.6084267
         199600        0.8288288              -0.6072791
         199600        0.8298298              -0.6061311
         299400        0.6646647              -0.5641800
         299400        0.6656657              -0.5654743
         299400        0.6666667              -0.5667560
         299400        0.6676677              -0.5680231
         299400        0.6686687              -0.5692736
         299400        0.6696697              -0.5705060
         299400        0.6706707              -0.5717190
         299400        0.6716717              -0.5729119
         299400        0.6726727              -0.5740839
         299400        0.6736737              -0.5752347
         299400        0.6746747              -0.5763642
         299400        0.6756757              -0.5774721
         299400        0.6766767              -0.5785586
         299400        0.6776777              -0.5796236
         299400        0.6786787              -0.5806673
         299400        0.6796797              -0.5816898
         299400        0.6806807              -0.5826912
         299400        0.6816817              -0.5836716
         299400        0.6826827              -0.5846311
         299400        0.6836837              -0.5855700
         299400        0.6846847              -0.5864882
         299400        0.6856857              -0.5873861
         299400        0.6866867              -0.5882636
         299400        0.6876877              -0.5891210
         299400        0.6886887              -0.5899583
         299400        0.6896897              -0.5907758
         299400        0.6906907              -0.5915736
         299400        0.6916917              -0.5923518
         299400        0.6926927              -0.5931105
         299400        0.6936937              -0.5938499
         299400        0.6946947              -0.5945702
         299400        0.6956957              -0.5952714
         299400        0.6966967              -0.5959538
         299400        0.6976977              -0.5966175
         299400        0.6986987              -0.5972626
         299400        0.6996997              -0.5978893
         299400        0.7007007              -0.5984977
         299400        0.7017017              -0.5990880
         299400        0.7027027              -0.5996603
         299400        0.7037037              -0.6002148
         299400        0.7047047              -0.6007516
         299400        0.7057057              -0.6012709
         299400        0.7067067              -0.6017728
         299400        0.7077077              -0.6022575
         299400        0.7087087              -0.6027251
         299400        0.7097097              -0.6031758
         299400        0.7107107              -0.6036097
         299400        0.7117117              -0.6040270
         299400        0.7127127              -0.6044278
         299400        0.7137137              -0.6048123
         299400        0.7147147              -0.6051807
         299400        0.7157157              -0.6055330
         299400        0.7167167              -0.6058694
         299400        0.7177177              -0.6061902
         299400        0.7187187              -0.6064954
         299400        0.7197197              -0.6067851
         299400        0.7207207              -0.6070597
         299400        0.7217217              -0.6073191
         299400        0.7227227              -0.6075636
         299400        0.7237237              -0.6077932
         299400        0.7247247              -0.6080083
         299400        0.7257257              -0.6082088
         299400        0.7267267              -0.6083950
         299400        0.7277277              -0.6085670
         299400        0.7287287              -0.6087249
         299400        0.7297297              -0.6088690
         299400        0.7307307              -0.6089993
         299400        0.7317317              -0.6091161
         299400        0.7327327              -0.6092194
         299400        0.7337337              -0.6093094
         299400        0.7347347              -0.6093863
         299400        0.7357357              -0.6094502
         299400        0.7367367              -0.6095012
         299400        0.7377377              -0.6095396
         299400        0.7387387              -0.6095654
         299400        0.7397397              -0.6095789
         299400        0.7407407              -0.6095801
         299400        0.7417417              -0.6095692
         299400        0.7427427              -0.6095463
         299400        0.7437437              -0.6095117
         299400        0.7447447              -0.6094654
         299400        0.7457457              -0.6094076
         299400        0.7467467              -0.6093385
         299400        0.7477477              -0.6092581
         299400        0.7487487              -0.6091667
         299400        0.7497497              -0.6090643
         299400        0.7507508              -0.6089512
         299400        0.7517518              -0.6088274
         299400        0.7527528              -0.6086932
         299400        0.7537538              -0.6085486
         299400        0.7547548              -0.6083938
         299400        0.7557558              -0.6082290
         299400        0.7567568              -0.6080542
         299400        0.7577578              -0.6078697
         299400        0.7587588              -0.6076756
         299400        0.7597598              -0.6074719
         299400        0.7607608              -0.6072589
         299400        0.7617618              -0.6070367
         299400        0.7627628              -0.6068054
         299400        0.7637638              -0.6065652
         299400        0.7647648              -0.6063161
         299400        0.7657658              -0.6060585
         299400        0.7667668              -0.6057923
         299400        0.7677678              -0.6055177
         299400        0.7687688              -0.6052349
         299400        0.7697698              -0.6049439
         299400        0.7707708              -0.6046450
         299400        0.7717718              -0.6043383
         299400        0.7727728              -0.6040238
         299400        0.7737738              -0.6037017
         299400        0.7747748              -0.6033723
         299400        0.7757758              -0.6030355
         299400        0.7767768              -0.6026915
         299400        0.7777778              -0.6023405
         299400        0.7787788              -0.6019826
         299400        0.7797798              -0.6016179
         299400        0.7807808              -0.6012465
         299400        0.7817818              -0.6008687
         299400        0.7827828              -0.6004844
         299400        0.7837838              -0.6000939
         299400        0.7847848              -0.5996972
         299400        0.7857858              -0.5992945
         299400        0.7867868              -0.5988860
         299400        0.7877878              -0.5984716
         299400        0.7887888              -0.5980517
         299400        0.7897898              -0.5976263
         299400        0.7907908              -0.5971954
         299400        0.7917918              -0.5967594
         299400        0.7927928              -0.5963181
         299400        0.7937938              -0.5958719
         299400        0.7947948              -0.5954208
         299400        0.7957958              -0.5949650
         299400        0.7967968              -0.5945045
         299400        0.7977978              -0.5940394
         299400        0.7987988              -0.5935700
         299400        0.7997998              -0.5930963
         299400        0.8008008              -0.5926184
         299400        0.8018018              -0.5921364
         299400        0.8028028              -0.5916506
         299400        0.8038038              -0.5911609
         299400        0.8048048              -0.5906675
         299400        0.8058058              -0.5901705
         299400        0.8068068              -0.5896700
         299400        0.8078078              -0.5891662
         299400        0.8088088              -0.5886591
         299400        0.8098098              -0.5881488
         299400        0.8108108              -0.5876355
         299400        0.8118118              -0.5871192
         299400        0.8128128              -0.5866001
         299400        0.8138138              -0.5860783
         299400        0.8148148              -0.5855538
         299400        0.8158158              -0.5850268
         299400        0.8168168              -0.5844974
         299400        0.8178178              -0.5839656
         299400        0.8188188              -0.5834316
         299400        0.8198198              -0.5828954
         299400        0.8208208              -0.5823572
         299400        0.8218218              -0.5818171
         299400        0.8228228              -0.5812752
         299400        0.8238238              -0.5807315
         299400        0.8248248              -0.5801863
         299400        0.8258258              -0.5796396
         299400        0.8268268              -0.5790916
         299400        0.8278278              -0.5785425
         299400        0.8288288              -0.5779923
         299400        0.8298298              -0.5774414
         399200        0.6646647              -0.4995602
         399200        0.6656657              -0.5008918
         399200        0.6666667              -0.5022132
         399200        0.6676677              -0.5035233
         399200        0.6686687              -0.5048205
         399200        0.6696697              -0.5061040
         399200        0.6706707              -0.5073728
         399200        0.6716717              -0.5086263
         399200        0.6726727              -0.5098640
         399200        0.6736737              -0.5110855
         399200        0.6746747              -0.5122908
         399200        0.6756757              -0.5134797
         399200        0.6766767              -0.5146521
         399200        0.6776777              -0.5158082
         399200        0.6786787              -0.5169478
         399200        0.6796797              -0.5180711
         399200        0.6806807              -0.5191782
         399200        0.6816817              -0.5202691
         399200        0.6826827              -0.5213439
         399200        0.6836837              -0.5224028
         399200        0.6846847              -0.5234458
         399200        0.6856857              -0.5244729
         399200        0.6866867              -0.5254844
         399200        0.6876877              -0.5264802
         399200        0.6886887              -0.5274606
         399200        0.6896897              -0.5284255
         399200        0.6906907              -0.5293751
         399200        0.6916917              -0.5303094
         399200        0.6926927              -0.5312287
         399200        0.6936937              -0.5321329
         399200        0.6946947              -0.5330221
         399200        0.6956957              -0.5338966
         399200        0.6966967              -0.5347563
         399200        0.6976977              -0.5356014
         399200        0.6986987              -0.5364320
         399200        0.6996997              -0.5372481
         399200        0.7007007              -0.5380500
         399200        0.7017017              -0.5388376
         399200        0.7027027              -0.5396110
         399200        0.7037037              -0.5403705
         399200        0.7047047              -0.5411161
         399200        0.7057057              -0.5418479
         399200        0.7067067              -0.5425659
         399200        0.7077077              -0.5432704
         399200        0.7087087              -0.5439614
         399200        0.7097097              -0.5446390
         399200        0.7107107              -0.5453033
         399200        0.7117117              -0.5459545
         399200        0.7127127              -0.5465926
         399200        0.7137137              -0.5472177
         399200        0.7147147              -0.5478300
         399200        0.7157157              -0.5484295
         399200        0.7167167              -0.5490164
         399200        0.7177177              -0.5495908
         399200        0.7187187              -0.5501527
         399200        0.7197197              -0.5507024
         399200        0.7207207              -0.5512398
         399200        0.7217217              -0.5517651
         399200        0.7227227              -0.5522785
         399200        0.7237237              -0.5527799
         399200        0.7247247              -0.5532696
         399200        0.7257257              -0.5537476
         399200        0.7267267              -0.5542140
         399200        0.7277277              -0.5546690
         399200        0.7287287              -0.5551127
         399200        0.7297297              -0.5555451
         399200        0.7307307              -0.5559664
         399200        0.7317317              -0.5563766
         399200        0.7327327              -0.5567760
         399200        0.7337337              -0.5571645
         399200        0.7347347              -0.5575424
         399200        0.7357357              -0.5579097
         399200        0.7367367              -0.5582664
         399200        0.7377377              -0.5586128
         399200        0.7387387              -0.5589490
         399200        0.7397397              -0.5592750
         399200        0.7407407              -0.5595909
         399200        0.7417417              -0.5598968
         399200        0.7427427              -0.5601930
         399200        0.7437437              -0.5604794
         399200        0.7447447              -0.5607561
         399200        0.7457457              -0.5610234
         399200        0.7467467              -0.5612812
         399200        0.7477477              -0.5615297
         399200        0.7487487              -0.5617690
         399200        0.7497497              -0.5619993
         399200        0.7507508              -0.5622205
         399200        0.7517518              -0.5624328
         399200        0.7527528              -0.5626363
         399200        0.7537538              -0.5628312
         399200        0.7547548              -0.5630175
         399200        0.7557558              -0.5631952
         399200        0.7567568              -0.5633647
         399200        0.7577578              -0.5635258
         399200        0.7587588              -0.5636788
         399200        0.7597598              -0.5638237
         399200        0.7607608              -0.5639607
         399200        0.7617618              -0.5640898
         399200        0.7627628              -0.5642111
         399200        0.7637638              -0.5643248
         399200        0.7647648              -0.5644309
         399200        0.7657658              -0.5645295
         399200        0.7667668              -0.5646208
         399200        0.7677678              -0.5647049
         399200        0.7687688              -0.5647817
         399200        0.7697698              -0.5648515
         399200        0.7707708              -0.5649144
         399200        0.7717718              -0.5649704
         399200        0.7727728              -0.5650196
         399200        0.7737738              -0.5650621
         399200        0.7747748              -0.5650981
         399200        0.7757758              -0.5651276
         399200        0.7767768              -0.5651507
         399200        0.7777778              -0.5651675
         399200        0.7787788              -0.5651781
         399200        0.7797798              -0.5651827
         399200        0.7807808              -0.5651812
         399200        0.7817818              -0.5651739
         399200        0.7827828              -0.5651607
         399200        0.7837838              -0.5651418
         399200        0.7847848              -0.5651173
         399200        0.7857858              -0.5650872
         399200        0.7867868              -0.5650518
         399200        0.7877878              -0.5650109
         399200        0.7887888              -0.5649648
         399200        0.7897898              -0.5649136
         399200        0.7907908              -0.5648572
         399200        0.7917918              -0.5647959
         399200        0.7927928              -0.5647297
         399200        0.7937938              -0.5646587
         399200        0.7947948              -0.5645829
         399200        0.7957958              -0.5645026
         399200        0.7967968              -0.5644176
         399200        0.7977978              -0.5643283
         399200        0.7987988              -0.5642345
         399200        0.7997998              -0.5641365
         399200        0.8008008              -0.5640342
         399200        0.8018018              -0.5639279
         399200        0.8028028              -0.5638175
         399200        0.8038038              -0.5637031
         399200        0.8048048              -0.5635849
         399200        0.8058058              -0.5634629
         399200        0.8068068              -0.5633372
         399200        0.8078078              -0.5632078
         399200        0.8088088              -0.5630749
         399200        0.8098098              -0.5629385
         399200        0.8108108              -0.5627988
         399200        0.8118118              -0.5626557
         399200        0.8128128              -0.5625093
         399200        0.8138138              -0.5623598
         399200        0.8148148              -0.5622072
         399200        0.8158158              -0.5620516
         399200        0.8168168              -0.5618930
         399200        0.8178178              -0.5617315
         399200        0.8188188              -0.5615673
         399200        0.8198198              -0.5614003
         399200        0.8208208              -0.5612306
         399200        0.8218218              -0.5610584
         399200        0.8228228              -0.5608837
         399200        0.8238238              -0.5607066
         399200        0.8248248              -0.5605272
         399200        0.8258258              -0.5603455
         399200        0.8268268              -0.5601617
         399200        0.8278278              -0.5599759
         399200        0.8288288              -0.5597883
         399200        0.8298298              -0.5595989
         499000        0.6646647              -0.4548455
         499000        0.6656657              -0.4562044
         499000        0.6666667              -0.4575549
         499000        0.6676677              -0.4588959
         499000        0.6686687              -0.4602266
         499000        0.6696697              -0.4615462
         499000        0.6706707              -0.4628542
         499000        0.6716717              -0.4641500
         499000        0.6726727              -0.4654334
         499000        0.6736737              -0.4667040
         499000        0.6746747              -0.4679617
         499000        0.6756757              -0.4692065
         499000        0.6766767              -0.4704382
         499000        0.6776777              -0.4716569
         499000        0.6786787              -0.4728625
         499000        0.6796797              -0.4740552
         499000        0.6806807              -0.4752350
         499000        0.6816817              -0.4764019
         499000        0.6826827              -0.4775559
         499000        0.6836837              -0.4786972
         499000        0.6846847              -0.4798258
         499000        0.6856857              -0.4809417
         499000        0.6866867              -0.4820451
         499000        0.6876877              -0.4831359
         499000        0.6886887              -0.4842143
         499000        0.6896897              -0.4852802
         499000        0.6906907              -0.4863338
         499000        0.6916917              -0.4873752
         499000        0.6926927              -0.4884043
         499000        0.6936937              -0.4894213
         499000        0.6946947              -0.4904263
         499000        0.6956957              -0.4914192
         499000        0.6966967              -0.4924002
         499000        0.6976977              -0.4933693
         499000        0.6986987              -0.4943267
         499000        0.6996997              -0.4952723
         499000        0.7007007              -0.4962062
         499000        0.7017017              -0.4971285
         499000        0.7027027              -0.4980393
         499000        0.7037037              -0.4989387
         499000        0.7047047              -0.4998267
         499000        0.7057057              -0.5007033
         499000        0.7067067              -0.5015688
         499000        0.7077077              -0.5024230
         499000        0.7087087              -0.5032662
         499000        0.7097097              -0.5040983
         499000        0.7107107              -0.5049195
         499000        0.7117117              -0.5057298
         499000        0.7127127              -0.5065293
         499000        0.7137137              -0.5073181
         499000        0.7147147              -0.5080962
         499000        0.7157157              -0.5088638
         499000        0.7167167              -0.5096208
         499000        0.7177177              -0.5103674
         499000        0.7187187              -0.5111037
         499000        0.7197197              -0.5118296
         499000        0.7207207              -0.5125454
         499000        0.7217217              -0.5132510
         499000        0.7227227              -0.5139465
         499000        0.7237237              -0.5146321
         499000        0.7247247              -0.5153078
         499000        0.7257257              -0.5159736
         499000        0.7267267              -0.5166297
         499000        0.7277277              -0.5172761
         499000        0.7287287              -0.5179129
         499000        0.7297297              -0.5185402
         499000        0.7307307              -0.5191580
         499000        0.7317317              -0.5197664
         499000        0.7327327              -0.5203656
         499000        0.7337337              -0.5209555
         499000        0.7347347              -0.5215363
         499000        0.7357357              -0.5221080
         499000        0.7367367              -0.5226707
         499000        0.7377377              -0.5232245
         499000        0.7387387              -0.5237695
         499000        0.7397397              -0.5243057
         499000        0.7407407              -0.5248332
         499000        0.7417417              -0.5253521
         499000        0.7427427              -0.5258625
         499000        0.7437437              -0.5263644
         499000        0.7447447              -0.5268580
         499000        0.7457457              -0.5273432
         499000        0.7467467              -0.5278202
         499000        0.7477477              -0.5282890
         499000        0.7487487              -0.5287498
         499000        0.7497497              -0.5292026
         499000        0.7507508              -0.5296474
         499000        0.7517518              -0.5300844
         499000        0.7527528              -0.5305136
         499000        0.7537538              -0.5309351
         499000        0.7547548              -0.5313490
         499000        0.7557558              -0.5317554
         499000        0.7567568              -0.5321543
         499000        0.7577578              -0.5325457
         499000        0.7587588              -0.5329299
         499000        0.7597598              -0.5333068
         499000        0.7607608              -0.5336765
         499000        0.7617618              -0.5340391
         499000        0.7627628              -0.5343947
         499000        0.7637638              -0.5347433
         499000        0.7647648              -0.5350851
         499000        0.7657658              -0.5354200
         499000        0.7667668              -0.5357482
         499000        0.7677678              -0.5360698
         499000        0.7687688              -0.5363847
         499000        0.7697698              -0.5366932
