              5        0.8308308              -0.8737799
              5        0.8318318              -0.8707039
              5        0.8328328              -0.8675935
              5        0.8338338              -0.8644488
              5        0.8348348              -0.8612698
              5        0.8358358              -0.8580568
              5        0.8368368              -0.8548099
              5        0.8378378              -0.8515291
              5        0.8388388              -0.8482147
              5        0.8398398              -0.8448667
              5        0.8408408              -0.8414853
              5        0.8418418              -0.8380706
              5        0.8428428              -0.8346227
              5        0.8438438              -0.8311419
              5        0.8448448              -0.8276281
              5        0.8458458              -0.8240817
              5        0.8468468              -0.8205026
              5        0.8478478              -0.8168910
              5        0.8488488              -0.8132472
              5        0.8498498              -0.8095712
              5        0.8508509              -0.8058631
              5        0.8518519              -0.8021232
              5        0.8528529              -0.7983515
              5        0.8538539              -0.7945483
              5        0.8548549              -0.7907136
              5        0.8558559              -0.7868477
              5        0.8568569              -0.7829506
              5        0.8578579              -0.7790226
              5        0.8588589              -0.7750637
              5        0.8598599              -0.7710742
              5        0.8608609              -0.7670542
              5        0.8618619              -0.7630038
              5        0.8628629              -0.7589233
              5        0.8638639              -0.7548127
              5        0.8648649              -0.7506723
              5        0.8658659              -0.7465022
              5        0.8668669              -0.7423025
              5        0.8678679              -0.7380735
              5        0.8688689              -0.7338153
              5        0.8698699              -0.7295281
              5        0.8708709              -0.7252120
              5        0.8718719              -0.7208672
              5        0.8728729              -0.7164939
              5        0.8738739              -0.7120923
              5        0.8748749              -0.7076625
              5        0.8758759              -0.7032047
              5        0.8768769              -0.6987191
              5        0.8778779              -0.6942058
              5        0.8788789              -0.6896651
              5        0.8798799              -0.6850971
              5        0.8808809              -0.6805020
              5        0.8818819              -0.6758800
              5        0.8828829              -0.6712312
              5        0.8838839              -0.6665559
              5        0.8848849              -0.6618542
              5        0.8858859              -0.6571264
              5        0.8868869              -0.6523725
              5        0.8878879              -0.6475929
              5        0.8888889              -0.6427876
              5        0.8898899              -0.6379569
              5        0.8908909              -0.6331010
              5        0.8918919              -0.6282200
              5        0.8928929              -0.6233142
              5        0.8938939              -0.6183837
              5        0.8948949              -0.6134287
              5        0.8958959              -0.6084495
              5        0.8968969              -0.6034462
              5        0.8978979              -0.5984191
              5        0.8988989              -0.5933683
              5        0.8998999              -0.5882940
              5        0.9009009              -0.5831964
              5        0.9019019              -0.5780758
              5        0.9029029              -0.5729323
              5        0.9039039              -0.5677661
              5        0.9049049              -0.5625775
              5        0.9059059              -0.5573666
              5        0.9069069              -0.5521336
              5        0.9079079              -0.5468789
              5        0.9089089              -0.5416025
              5        0.9099099              -0.5363046
              5        0.9109109              -0.5309856
              5        0.9119119              -0.5256456
              5        0.9129129              -0.5202847
              5        0.9139139              -0.5149033
              5        0.9149149              -0.5095015
              5        0.9159159              -0.5040796
              5        0.9169169              -0.4986377
              5        0.9179179              -0.4931761
              5        0.9189189              -0.4876949
              5        0.9199199              -0.4821945
              5        0.9209209              -0.4766750
              5        0.9219219              -0.4711367
              5        0.9229229              -0.4655797
              5        0.9239239              -0.4600043
              5        0.9249249              -0.4544107
              5        0.9259259              -0.4487992
              5        0.9269269              -0.4431699
              5        0.9279279              -0.4375230
              5        0.9289289              -0.4318589
              5        0.9299299              -0.4261776
              5        0.9309309              -0.4204795
              5        0.9319319              -0.4147648
              5        0.9329329              -0.4090336
              5        0.9339339              -0.4032863
              5        0.9349349              -0.3975231
              5        0.9359359              -0.3917441
              5        0.9369369              -0.3859496
              5        0.9379379              -0.3801398
              5        0.9389389              -0.3743150
              5        0.9399399              -0.3684754
              5        0.9409409              -0.3626212
              5        0.9419419              -0.3567527
              5        0.9429429              -0.3508701
              5        0.9439439              -0.3449735
              5        0.9449449              -0.3390634
              5        0.9459459              -0.3331398
              5        0.9469469              -0.3272030
              5        0.9479479              -0.3212533
              5        0.9489489              -0.3152909
              5        0.9499499              -0.3093161
              5        0.9509510              -0.3033289
              5        0.9519520              -0.2973298
              5        0.9529530              -0.2913190
              5        0.9539540              -0.2852966
              5        0.9549550              -0.2792629
              5        0.9559560              -0.2732182
              5        0.9569570              -0.2671626
              5        0.9579580              -0.2610965
              5        0.9589590              -0.2550201
              5        0.9599600              -0.2489336
              5        0.9609610              -0.2428372
              5        0.9619620              -0.2367312
              5        0.9629630              -0.2306159
              5        0.9639640              -0.2244914
              5        0.9649650              -0.2183581
              5        0.9659660              -0.2122161
              5        0.9669670              -0.2060657
              5        0.9679680              -0.1999072
              5        0.9689690              -0.1937408
              5        0.9699700              -0.1875667
              5        0.9709710              -0.1813851
              5        0.9719720              -0.1751964
              5        0.9729730              -0.1690008
              5        0.9739740              -0.1627985
              5        0.9749750              -0.1565898
              5        0.9759760              -0.1503748
              5        0.9769770              -0.1441539
              5        0.9779780              -0.1379273
              5        0.9789790              -0.1316953
              5        0.9799800              -0.1254580
              5        0.9809810              -0.1192158
              5        0.9819820              -0.1129689
              5        0.9829830              -0.1067175
              5        0.9839840              -0.1004618
              5        0.9849850              -0.0942022
              5        0.9859860              -0.0879389
              5        0.9869870              -0.0816721
              5        0.9879880              -0.0754021
              5        0.9889890              -0.0691290
              5        0.9899900              -0.0628533
              5        0.9909910              -0.0565750
              5        0.9919920              -0.0502946
              5        0.9929930              -0.0440121
              5        0.9939940              -0.0377279
              5        0.9949950              -0.0314422
              5        0.9959960              -0.0251552
          99800        0.8308308              -0.6705152
          99800        0.8318318              -0.6682784
          99800        0.8328328              -0.6660358
          99800        0.8338338              -0.6637875
          99800        0.8348348              -0.6615336
          99800        0.8358358              -0.6592746
          99800        0.8368368              -0.6570105
          99800        0.8378378              -0.6547418
          99800        0.8388388              -0.6524686
          99800        0.8398398              -0.6501913
          99800        0.8408408              -0.6479101
          99800        0.8418418              -0.6456253
          99800        0.8428428              -0.6433372
          99800        0.8438438              -0.6410460
          99800        0.8448448              -0.6387520
          99800        0.8458458              -0.6364555
          99800        0.8468468              -0.6341567
          99800        0.8478478              -0.6318560
          99800        0.8488488              -0.6295537
          99800        0.8498498              -0.6272499
          99800        0.8508509              -0.6249450
          99800        0.8518519              -0.6226393
          99800        0.8528529              -0.6203330
          99800        0.8538539              -0.6180264
          99800        0.8548549              -0.6157197
          99800        0.8558559              -0.6134134
          99800        0.8568569              -0.6111076
          99800        0.8578579              -0.6088026
          99800        0.8588589              -0.6064987
          99800        0.8598599              -0.6041962
          99800        0.8608609              -0.6018953
          99800        0.8618619              -0.5995964
          99800        0.8628629              -0.5972997
          99800        0.8638639              -0.5950055
          99800        0.8648649              -0.5927140
          99800        0.8658659              -0.5904256
          99800        0.8668669              -0.5881406
          99800        0.8678679              -0.5858591
          99800        0.8688689              -0.5835816
          99800        0.8698699              -0.5813082
          99800        0.8708709              -0.5790393
          99800        0.8718719              -0.5767750
          99800        0.8728729              -0.5745158
          99800        0.8738739              -0.5722619
          99800        0.8748749              -0.5700135
          99800        0.8758759              -0.5677710
          99800        0.8768769              -0.5655346
          99800        0.8778779              -0.5633045
          99800        0.8788789              -0.5610812
          99800        0.8798799              -0.5588648
          99800        0.8808809              -0.5566556
          99800        0.8818819              -0.5544538
          99800        0.8828829              -0.5522599
          99800        0.8838839              -0.5500740
          99800        0.8848849              -0.5478964
          99800        0.8858859              -0.5457274
          99800        0.8868869              -0.5435673
          99800        0.8878879              -0.5414162
          99800        0.8888889              -0.5392746
          99800        0.8898899              -0.5371427
          99800        0.8908909              -0.5350207
          99800        0.8918919              -0.5329089
          99800        0.8928929              -0.5308075
          99800        0.8938939              -0.5287169
          99800        0.8948949              -0.5266373
          99800        0.8958959              -0.5245690
          99800        0.8968969              -0.5225122
          99800        0.8978979              -0.5204671
          99800        0.8988989              -0.5184342
          99800        0.8998999              -0.5164135
          99800        0.9009009              -0.5144054
          99800        0.9019019              -0.5124101
          99800        0.9029029              -0.5104279
          99800        0.9039039              -0.5084590
          99800        0.9049049              -0.5065037
          99800        0.9059059              -0.5045622
          99800        0.9069069              -0.5026348
          99800        0.9079079              -0.5007217
          99800        0.9089089              -0.4988232
          99800        0.9099099              -0.4969395
          99800        0.9109109              -0.4950708
          99800        0.9119119              -0.4932175
          99800        0.9129129              -0.4913796
          99800        0.9139139              -0.4895575
          99800        0.9149149              -0.4877515
          99800        0.9159159              -0.4859616
          99800        0.9169169              -0.4841882
          99800        0.9179179              -0.4824315
          99800        0.9189189              -0.4806917
          99800        0.9199199              -0.4789690
          99800        0.9209209              -0.4772637
          99800        0.9219219              -0.4755760
          99800        0.9229229              -0.4739060
          99800        0.9239239              -0.4722540
          99800        0.9249249              -0.4706203
          99800        0.9259259              -0.4690049
          99800        0.9269269              -0.4674082
          99800        0.9279279              -0.4658303
          99800        0.9289289              -0.4642714
          99800        0.9299299              -0.4627317
          99800        0.9309309              -0.4612115
          99800        0.9319319              -0.4597108
          99800        0.9329329              -0.4582299
          99800        0.9339339              -0.4567690
          99800        0.9349349              -0.4553282
          99800        0.9359359              -0.4539078
          99800        0.9369369              -0.4525079
          99800        0.9379379              -0.4511287
          99800        0.9389389              -0.4497703
          99800        0.9399399              -0.4484329
          99800        0.9409409              -0.4471167
          99800        0.9419419              -0.4458218
          99800        0.9429429              -0.4445484
          99800        0.9439439              -0.4432966
          99800        0.9449449              -0.4420666
          99800        0.9459459              -0.4408585
          99800        0.9469469              -0.4396725
          99800        0.9479479              -0.4385087
          99800        0.9489489              -0.4373672
          99800        0.9499499              -0.4362482
          99800        0.9509510              -0.4351518
          99800        0.9519520              -0.4340781
          99800        0.9529530              -0.4330272
          99800        0.9539540              -0.4319992
          99800        0.9549550              -0.4309942
          99800        0.9559560              -0.4300124
          99800        0.9569570              -0.4290539
          99800        0.9579580              -0.4281187
          99800        0.9589590              -0.4272069
          99800        0.9599600              -0.4263186
          99800        0.9609610              -0.4254539
          99800        0.9619620              -0.4246129
          99800        0.9629630              -0.4237956
          99800        0.9639640              -0.4230022
          99800        0.9649650              -0.4222326
          99800        0.9659660              -0.4214870
          99800        0.9669670              -0.4207653
          99800        0.9679680              -0.4200677
          99800        0.9689690              -0.4193942
          99800        0.9699700              -0.4187449
          99800        0.9709710              -0.4181197
          99800        0.9719720              -0.4175186
          99800        0.9729730              -0.4169419
          99800        0.9739740              -0.4163893
          99800        0.9749750              -0.4158611
          99800        0.9759760              -0.4153571
          99800        0.9769770              -0.4148774
          99800        0.9779780              -0.4144219
          99800        0.9789790              -0.4139908
          99800        0.9799800              -0.4135839
          99800        0.9809810              -0.4132014
          99800        0.9819820              -0.4128430
          99800        0.9829830              -0.4125089
          99800        0.9839840              -0.4121990
          99800        0.9849850              -0.4119132
          99800        0.9859860              -0.4116516
          99800        0.9869870              -0.4114141
          99800        0.9879880              -0.4112006
          99800        0.9889890              -0.4110111
          99800        0.9899900              -0.4108456
          99800        0.9909910              -0.4107039
          99800        0.9919920              -0.4105860
          99800        0.9929930              -0.4104919
          99800        0.9939940              -0.4104214
          99800        0.9949950              -0.4103745
          99800        0.9959960              -0.4103511
         199600        0.8308308              -0.6058857
         199600        0.8318318              -0.6047131
         199600        0.8328328              -0.6035401
         199600        0.8338338              -0.6023667
         199600        0.8348348              -0.6011930
         199600        0.8358358              -0.6000191
         199600        0.8368368              -0.5988452
         199600        0.8378378              -0.5976715
         199600        0.8388388              -0.5964981
         199600        0.8398398              -0.5953251
         199600        0.8408408              -0.5941527
         199600        0.8418418              -0.5929810
         199600        0.8428428              -0.5918102
         199600        0.8438438              -0.5906403
         199600        0.8448448              -0.5894716
         199600        0.8458458              -0.5883041
         199600        0.8468468              -0.5871381
         199600        0.8478478              -0.5859736
         199600        0.8488488              -0.5848108
         199600        0.8498498              -0.5836497
         199600        0.8508509              -0.5824907
         199600        0.8518519              -0.5813337
         199600        0.8528529              -0.5801789
         199600        0.8538539              -0.5790265
         199600        0.8548549              -0.5778765
         199600        0.8558559              -0.5767292
         199600        0.8568569              -0.5755845
         199600        0.8578579              -0.5744427
         199600        0.8588589              -0.5733040
         199600        0.8598599              -0.5721683
         199600        0.8608609              -0.5710358
         199600        0.8618619              -0.5699068
         199600        0.8628629              -0.5687812
         199600        0.8638639              -0.5676592
         199600        0.8648649              -0.5665409
         199600        0.8658659              -0.5654265
         199600        0.8668669              -0.5643160
         199600        0.8678679              -0.5632097
         199600        0.8688689              -0.5621075
         199600        0.8698699              -0.5610097
         199600        0.8708709              -0.5599162
         199600        0.8718719              -0.5588274
         199600        0.8728729              -0.5577432
         199600        0.8738739              -0.5566638
         199600        0.8748749              -0.5555893
         199600        0.8758759              -0.5545198
         199600        0.8768769              -0.5534553
         199600        0.8778779              -0.5523962
         199600        0.8788789              -0.5513423
         199600        0.8798799              -0.5502939
         199600        0.8808809              -0.5492510
         199600        0.8818819              -0.5482138
         199600        0.8828829              -0.5471823
         199600        0.8838839              -0.5461567
         199600        0.8848849              -0.5451370
         199600        0.8858859              -0.5441234
         199600        0.8868869              -0.5431159
         199600        0.8878879              -0.5421147
         199600        0.8888889              -0.5411199
         199600        0.8898899              -0.5401315
         199600        0.8908909              -0.5391497
         199600        0.8918919              -0.5381745
         199600        0.8928929              -0.5372060
         199600        0.8938939              -0.5362444
         199600        0.8948949              -0.5352897
         199600        0.8958959              -0.5343419
         199600        0.8968969              -0.5334013
         199600        0.8978979              -0.5324679
         199600        0.8988989              -0.5315418
         199600        0.8998999              -0.5306230
         199600        0.9009009              -0.5297116
         199600        0.9019019              -0.5288078
         199600        0.9029029              -0.5279116
         199600        0.9039039              -0.5270231
         199600        0.9049049              -0.5261423
         199600        0.9059059              -0.5252694
         199600        0.9069069              -0.5244044
         199600        0.9079079              -0.5235474
         199600        0.9089089              -0.5226985
         199600        0.9099099              -0.5218578
         199600        0.9109109              -0.5210252
         199600        0.9119119              -0.5202010
         199600        0.9129129              -0.5193851
         199600        0.9139139              -0.5185777
         199600        0.9149149              -0.5177788
         199600        0.9159159              -0.5169884
         199600        0.9169169              -0.5162067
         199600        0.9179179              -0.5154336
         199600        0.9189189              -0.5146694
         199600        0.9199199              -0.5139139
         199600        0.9209209              -0.5131673
         199600        0.9219219              -0.5124297
         199600        0.9229229              -0.5117010
         199600        0.9239239              -0.5109815
         199600        0.9249249              -0.5102710
         199600        0.9259259              -0.5095697
         199600        0.9269269              -0.5088776
         199600        0.9279279              -0.5081947
         199600        0.9289289              -0.5075212
         199600        0.9299299              -0.5068570
         199600        0.9309309              -0.5062023
         199600        0.9319319              -0.5055570
         199600        0.9329329              -0.5049212
         199600        0.9339339              -0.5042949
         199600        0.9349349              -0.5036782
         199600        0.9359359              -0.5030712
         199600        0.9369369              -0.5024738
         199600        0.9379379              -0.5018861
         199600        0.9389389              -0.5013081
         199600        0.9399399              -0.5007399
         199600        0.9409409              -0.5001815
         199600        0.9419419              -0.4996330
         199600        0.9429429              -0.4990943
         199600        0.9439439              -0.4985655
         199600        0.9449449              -0.4980466
         199600        0.9459459              -0.4975377
         199600        0.9469469              -0.4970387
         199600        0.9479479              -0.4965497
         199600        0.9489489              -0.4960708
         199600        0.9499499              -0.4956019
         199600        0.9509510              -0.4951430
         199600        0.9519520              -0.4946943
         199600        0.9529530              -0.4942556
         199600        0.9539540              -0.4938270
         199600        0.9549550              -0.4934085
         199600        0.9559560              -0.4930002
         199600        0.9569570              -0.4926020
         199600        0.9579580              -0.4922140
         199600        0.9589590              -0.4918361
         199600        0.9599600              -0.4914684
         199600        0.9609610              -0.4911108
         199600        0.9619620              -0.4907635
         199600        0.9629630              -0.4904263
         199600        0.9639640              -0.4900993
         199600        0.9649650              -0.4897824
         199600        0.9659660              -0.4894757
         199600        0.9669670              -0.4891792
         199600        0.9679680              -0.4888929
         199600        0.9689690              -0.4886167
         199600        0.9699700              -0.4883507
         199600        0.9709710              -0.4880948
         199600        0.9719720              -0.4878491
         199600        0.9729730              -0.4876134
         199600        0.9739740              -0.4873879
         199600        0.9749750              -0.4871724
         199600        0.9759760              -0.4869671
         199600        0.9769770              -0.4867718
         199600        0.9779780              -0.4865865
         199600        0.9789790              -0.4864112
         199600        0.9799800              -0.4862460
         199600        0.9809810              -0.4860907
         199600        0.9819820              -0.4859453
         199600        0.9829830              -0.4858099
         199600        0.9839840              -0.4856844
         199600        0.9849850              -0.4855687
         199600        0.9859860              -0.4854629
         199600        0.9869870              -0.4853668
         199600        0.9879880              -0.4852806
         199600        0.9889890              -0.4852040
         199600        0.9899900              -0.4851372
         199600        0.9909910              -0.4850801
         199600        0.9919920              -0.4850326
         199600        0.9929930              -0.4849946
         199600        0.9939940              -0.4849662
         199600        0.9949950              -0.4849473
         199600        0.9959960              -0.4849379
         299400        0.8308308              -0.5776091
         299400        0.8318318              -0.5770380
         299400        0.8328328              -0.5764661
         299400        0.8338338              -0.5758934
         299400        0.8348348              -0.5753201
         299400        0.8358358              -0.5747462
         299400        0.8368368              -0.5741718
         299400        0.8378378              -0.5735970
         299400        0.8388388              -0.5730219
         299400        0.8398398              -0.5724466
         299400        0.8408408              -0.5718711
         299400        0.8418418              -0.5712956
         299400        0.8428428              -0.5707202
         299400        0.8438438              -0.5701449
         299400        0.8448448              -0.5695698
         299400        0.8458458              -0.5689950
         299400        0.8468468              -0.5684206
         299400        0.8478478              -0.5678467
         299400        0.8488488              -0.5672733
         299400        0.8498498              -0.5667005
         299400        0.8508509              -0.5661285
         299400        0.8518519              -0.5655573
         299400        0.8528529              -0.5649869
         299400        0.8538539              -0.5644175
         299400        0.8548549              -0.5638491
         299400        0.8558559              -0.5632818
         299400        0.8568569              -0.5627156
         299400        0.8578579              -0.5621508
         299400        0.8588589              -0.5615873
         299400        0.8598599              -0.5610251
         299400        0.8608609              -0.5604645
         299400        0.8618619              -0.5599054
         299400        0.8628629              -0.5593479
         299400        0.8638639              -0.5587922
         299400        0.8648649              -0.5582381
         299400        0.8658659              -0.5576860
         299400        0.8668669              -0.5571357
         299400        0.8678679              -0.5565874
         299400        0.8688689              -0.5560411
         299400        0.8698699              -0.5554969
         299400        0.8708709              -0.5549549
         299400        0.8718719              -0.5544151
         299400        0.8728729              -0.5538777
         299400        0.8738739              -0.5533425
         299400        0.8748749              -0.5528099
         299400        0.8758759              -0.5522796
         299400        0.8768769              -0.5517520
         299400        0.8778779              -0.5512269
         299400        0.8788789              -0.5507045
         299400        0.8798799              -0.5501848
         299400        0.8808809              -0.5496679
         299400        0.8818819              -0.5491539
         299400        0.8828829              -0.5486427
         299400        0.8838839              -0.5481345
         299400        0.8848849              -0.5476293
         299400        0.8858859              -0.5471272
         299400        0.8868869              -0.5466281
         299400        0.8878879              -0.5461323
         299400        0.8888889              -0.5456396
         299400        0.8898899              -0.5451502
         299400        0.8908909              -0.5446642
         299400        0.8918919              -0.5441815
         299400        0.8928929              -0.5437022
         299400        0.8938939              -0.5432264
         299400        0.8948949              -0.5427541
         299400        0.8958959              -0.5422854
         299400        0.8968969              -0.5418202
         299400        0.8978979              -0.5413587
         299400        0.8988989              -0.5409010
         299400        0.8998999              -0.5404469
         299400        0.9009009              -0.5399966
         299400        0.9019019              -0.5395502
         299400        0.9029029              -0.5391076
         299400        0.9039039              -0.5386689
         299400        0.9049049              -0.5382342
         299400        0.9059059              -0.5378034
         299400        0.9069069              -0.5373767
         299400        0.9079079              -0.5369540
         299400        0.9089089              -0.5365354
         299400        0.9099099              -0.5361210
         299400        0.9109109              -0.5357107
         299400        0.9119119              -0.5353046
         299400        0.9129129              -0.5349028
         299400        0.9139139              -0.5345052
         299400        0.9149149              -0.5341119
         299400        0.9159159              -0.5337229
         299400        0.9169169              -0.5333384
         299400        0.9179179              -0.5329582
         299400        0.9189189              -0.5325824
         299400        0.9199199              -0.5322111
         299400        0.9209209              -0.5318442
         299400        0.9219219              -0.5314819
         299400        0.9229229              -0.5311241
         299400        0.9239239              -0.5307708
         299400        0.9249249              -0.5304221
         299400        0.9259259              -0.5300780
         299400        0.9269269              -0.5297386
         299400        0.9279279              -0.5294038
         299400        0.9289289              -0.5290737
         299400        0.9299299              -0.5287482
         299400        0.9309309              -0.5284275
         299400        0.9319319              -0.5281115
         299400        0.9329329              -0.5278003
         299400        0.9339339              -0.5274938
         299400        0.9349349              -0.5271922
         299400        0.9359359              -0.5268953
         299400        0.9369369              -0.5266032
         299400        0.9379379              -0.5263160
         299400        0.9389389              -0.5260336
         299400        0.9399399              -0.5257561
         299400        0.9409409              -0.5254835
         299400        0.9419419              -0.5252158
         299400        0.9429429              -0.5249529
         299400        0.9439439              -0.5246950
         299400        0.9449449              -0.5244420
         299400        0.9459459              -0.5241939
         299400        0.9469469              -0.5239508
         299400        0.9479479              -0.5237126
         299400        0.9489489              -0.5234793
         299400        0.9499499              -0.5232510
         299400        0.9509510              -0.5230277
         299400        0.9519520              -0.5228094
         299400        0.9529530              -0.5225960
         299400        0.9539540              -0.5223876
         299400        0.9549550              -0.5221842
         299400        0.9559560              -0.5219858
         299400        0.9569570              -0.5217924
         299400        0.9579580              -0.5216039
         299400        0.9589590              -0.5214205
         299400        0.9599600              -0.5212420
         299400        0.9609610              -0.5210685
         299400        0.9619620              -0.5209000
         299400        0.9629630              -0.5207365
         299400        0.9639640              -0.5205780
         299400        0.9649650              -0.5204244
         299400        0.9659660              -0.5202759
         299400        0.9669670              -0.5201323
         299400        0.9679680              -0.5199936
         299400        0.9689690              -0.5198599
         299400        0.9699700              -0.5197312
         299400        0.9709710              -0.5196074
         299400        0.9719720              -0.5194885
         299400        0.9729730              -0.5193746
         299400        0.9739740              -0.5192655
         299400        0.9749750              -0.5191614
         299400        0.9759760              -0.5190622
         299400        0.9769770              -0.5189678
         299400        0.9779780              -0.5188783
         299400        0.9789790              -0.5187937
         299400        0.9799800              -0.5187139
         299400        0.9809810              -0.5186390
         299400        0.9819820              -0.5185689
         299400        0.9829830              -0.5185035
         299400        0.9839840              -0.5184430
         299400        0.9849850              -0.5183872
         299400        0.9859860              -0.5183362
         299400        0.9869870              -0.5182899
         299400        0.9879880              -0.5182484
         299400        0.9889890              -0.5182115
         299400        0.9899900              -0.5181793
         299400        0.9909910              -0.5181518
         299400        0.9919920              -0.5181289
         299400        0.9929930              -0.5181106
         299400        0.9939940              -0.5180970
         299400        0.9949950              -0.5180879
         299400        0.9959960              -0.5180834
         399200        0.8308308              -0.5600222
         399200        0.8318318              -0.5598150
         399200        0.8328328              -0.5596060
         399200        0.8338338              -0.5593953
         399200        0.8348348              -0.5591829
         399200        0.8358358              -0.5589690
         399200        0.8368368              -0.5587535
         399200        0.8378378              -0.5585365
         399200        0.8388388              -0.5583181
         399200        0.8398398              -0.5580984
         399200        0.8408408              -0.5578774
         399200        0.8418418              -0.5576552
         399200        0.8428428              -0.5574319
         399200        0.8438438              -0.5572074
         399200        0.8448448              -0.5569819
         399200        0.8458458              -0.5567555
         399200        0.8468468              -0.5565281
         399200        0.8478478              -0.5562999
         399200        0.8488488              -0.5560709
         399200        0.8498498              -0.5558412
         399200        0.8508509              -0.5556107
         399200        0.8518519              -0.5553797
         399200        0.8528529              -0.5551481
         399200        0.8538539              -0.5549159
         399200        0.8548549              -0.5546834
         399200        0.8558559              -0.5544504
         399200        0.8568569              -0.5542170
         399200        0.8578579              -0.5539834
         399200        0.8588589              -0.5537495
         399200        0.8598599              -0.5535154
         399200        0.8608609              -0.5532812
         399200        0.8618619              -0.5530469
         399200        0.8628629              -0.5528125
         399200        0.8638639              -0.5525782
         399200        0.8648649              -0.5523439
         399200        0.8658659              -0.5521097
         399200        0.8668669              -0.5518757
         399200        0.8678679              -0.5516419
         399200        0.8688689              -0.5514083
         399200        0.8698699              -0.5511750
         399200        0.8708709              -0.5509421
         399200        0.8718719              -0.5507095
         399200        0.8728729              -0.5504774
         399200        0.8738739              -0.5502457
         399200        0.8748749              -0.5500146
         399200        0.8758759              -0.5497840
         399200        0.8768769              -0.5495541
         399200        0.8778779              -0.5493247
         399200        0.8788789              -0.5490961
         399200        0.8798799              -0.5488682
         399200        0.8808809              -0.5486410
         399200        0.8818819              -0.5484147
         399200        0.8828829              -0.5481892
         399200        0.8838839              -0.5479645
         399200        0.8848849              -0.5477408
         399200        0.8858859              -0.5475181
         399200        0.8868869              -0.5472963
         399200        0.8878879              -0.5470756
         399200        0.8888889              -0.5468560
         399200        0.8898899              -0.5466374
         399200        0.8908909              -0.5464200
         399200        0.8918919              -0.5462038
         399200        0.8928929              -0.5459888
         399200        0.8938939              -0.5457750
         399200        0.8948949              -0.5455625
         399200        0.8958959              -0.5453512
         399200        0.8968969              -0.5451414
         399200        0.8978979              -0.5449329
         399200        0.8988989              -0.5447257
         399200        0.8998999              -0.5445200
         399200        0.9009009              -0.5443158
         399200        0.9019019              -0.5441130
         399200        0.9029029              -0.5439118
         399200        0.9039039              -0.5437121
         399200        0.9049049              -0.5435140
         399200        0.9059059              -0.5433174
         399200        0.9069069              -0.5431225
         399200        0.9079079              -0.5429293
         399200        0.9089089              -0.5427377
         399200        0.9099099              -0.5425478
         399200        0.9109109              -0.5423596
         399200        0.9119119              -0.5421732
         399200        0.9129129              -0.5419885
         399200        0.9139139              -0.5418056
         399200        0.9149149              -0.5416246
         399200        0.9159159              -0.5414454
         399200        0.9169169              -0.5412680
         399200        0.9179179              -0.5410925
         399200        0.9189189              -0.5409189
         399200        0.9199199              -0.5407473
         399200        0.9209209              -0.5405775
         399200        0.9219219              -0.5404097
         399200        0.9229229              -0.5402439
         399200        0.9239239              -0.5400801
         399200        0.9249249              -0.5399183
         399200        0.9259259              -0.5397586
         399200        0.9269269              -0.5396008
         399200        0.9279279              -0.5394452
         399200        0.9289289              -0.5392916
         399200        0.9299299              -0.5391401
         399200        0.9309309              -0.5389907
         399200        0.9319319              -0.5388434
         399200        0.9329329              -0.5386982
         399200        0.9339339              -0.5385552
         399200        0.9349349              -0.5384144
         399200        0.9359359              -0.5382757
         399200        0.9369369              -0.5381392
         399200        0.9379379              -0.5380049
         399200        0.9389389              -0.5378728
         399200        0.9399399              -0.5377429
         399200        0.9409409              -0.5376152
         399200        0.9419419              -0.5374898
         399200        0.9429429              -0.5373666
         399200        0.9439439              -0.5372457
         399200        0.9449449              -0.5371270
         399200        0.9459459              -0.5370106
         399200        0.9469469              -0.5368964
         399200        0.9479479              -0.5367846
         399200        0.9489489              -0.5366750
         399200        0.9499499              -0.5365677
         399200        0.9509510              -0.5364627
         399200        0.9519520              -0.5363601
         399200        0.9529530              -0.5362597
         399200        0.9539540              -0.5361617
         399200        0.9549550              -0.5360659
         399200        0.9559560              -0.5359725
         399200        0.9569570              -0.5358814
         399200        0.9579580              -0.5357927
         399200        0.9589590              -0.5357062
         399200        0.9599600              -0.5356221
         399200        0.9609610              -0.5355404
         399200        0.9619620              -0.5354609
         399200        0.9629630              -0.5353838
         399200        0.9639640              -0.5353091
         399200        0.9649650              -0.5352366
         399200        0.9659660              -0.5351665
         399200        0.9669670              -0.5350988
         399200        0.9679680              -0.5350333
         399200        0.9689690              -0.5349702
         399200        0.9699700              -0.5349094
         399200        0.9709710              -0.5348510
         399200        0.9719720              -0.5347949
         399200        0.9729730              -0.5347410
         399200        0.9739740              -0.5346895
         399200        0.9749750              -0.5346404
         399200        0.9759760              -0.5345935
         399200        0.9769770              -0.5345489
         399200        0.9779780              -0.5345066
         399200        0.9789790              -0.5344667
         399200        0.9799800              -0.5344290
         399200        0.9809810              -0.5343935
         399200        0.9819820              -0.5343604
         399200        0.9829830              -0.5343295
         399200        0.9839840              -0.5343009
         399200        0.9849850              -0.5342746
         399200        0.9859860              -0.5342505
         399200        0.9869870              -0.5342286
         399200        0.9879880              -0.5342089
         399200        0.9889890              -0.5341915
         399200        0.9899900              -0.5341763
         399200        0.9909910              -0.5341633
         399200        0.9919920              -0.5341525
         399200        0.9929930              -0.5341439
         399200        0.9939940              -0.5341374
         399200        0.9949950              -0.5341331
         399200        0.9959960              -0.5341310
         499000        0.8308308              -0.5464819
         499000        0.8318318              -0.5465055
         499000        0.8328328              -0.5465265
         499000        0.8338338              -0.5465450
         499000        0.8348348              -0.5465610
         499000        0.8358358              -0.5465746
         499000        0.8368368              -0.5465858
         499000        0.8378378              -0.5465948
         499000        0.8388388              -0.5466014
         499000        0.8398398              -0.5466059
         499000        0.8408408              -0.5466081
         499000        0.8418418              -0.5466082
         499000        0.8428428              -0.5466063
         499000        0.8438438              -0.5466023
         499000        0.8448448              -0.5465964
         499000        0.8458458              -0.5465885
         499000        0.8468468              -0.5465787
         499000        0.8478478              -0.5465670
         499000        0.8488488              -0.5465536
         499000        0.8498498              -0.5465384
         499000        0.8508509              -0.5465215
         499000        0.8518519              -0.5465029
         499000        0.8528529              -0.5464827
         499000        0.8538539              -0.5464608
         499000        0.8548549              -0.5464375
         499000        0.8558559              -0.5464126
         499000        0.8568569              -0.5463863
         499000        0.8578579              -0.5463585
         499000        0.8588589              -0.5463294
         499000        0.8598599              -0.5462989
         499000        0.8608609              -0.5462672
         499000        0.8618619              -0.5462341
         499000        0.8628629              -0.5461999
         499000        0.8638639              -0.5461644
         499000        0.8648649              -0.5461278
         499000        0.8658659              -0.5460901
         499000        0.8668669              -0.5460513
         499000        0.8678679              -0.5460115
         499000        0.8688689              -0.5459707
         499000        0.8698699              -0.5459289
         499000        0.8708709              -0.5458862
         499000        0.8718719              -0.5458426
         499000        0.8728729              -0.5457981
         499000        0.8738739              -0.5457528
         499000        0.8748749              -0.5457067
         499000        0.8758759              -0.5456599
         499000        0.8768769              -0.5456123
         499000        0.8778779              -0.5455641
         499000        0.8788789              -0.5455152
         499000        0.8798799              -0.5454656
         499000        0.8808809              -0.5454155
         499000        0.8818819              -0.5453648
         499000        0.8828829              -0.5453135
         499000        0.8838839              -0.5452618
         499000        0.8848849              -0.5452096
         499000        0.8858859              -0.5451569
         499000        0.8868869              -0.5451039
         499000        0.8878879              -0.5450504
         499000        0.8888889              -0.5449966
         499000        0.8898899              -0.5449424
         499000        0.8908909              -0.5448880
         499000        0.8918919              -0.5448333
         499000        0.8928929              -0.5447783
         499000        0.8938939              -0.5447231
         499000        0.8948949              -0.5446677
         499000        0.8958959              -0.5446122
         499000        0.8968969              -0.5445565
         499000        0.8978979              -0.5445007
         499000        0.8988989              -0.5444447
         499000        0.8998999              -0.5443888
         499000        0.9009009              -0.5443327
         499000        0.9019019              -0.5442767
         499000        0.9029029              -0.5442206
         499000        0.9039039              -0.5441646
         499000        0.9049049              -0.5441086
         499000        0.9059059              -0.5440527
         499000        0.9069069              -0.5439969
         499000        0.9079079              -0.5439412
         499000        0.9089089              -0.5438856
         499000        0.9099099              -0.5438302
         499000        0.9109109              -0.5437749
         499000        0.9119119              -0.5437198
         499000        0.9129129              -0.5436650
         499000        0.9139139              -0.5436104
         499000        0.9149149              -0.5435560
         499000        0.9159159              -0.5435019
         499000        0.9169169              -0.5434481
         499000        0.9179179              -0.5433945
         499000        0.9189189              -0.5433413
         499000        0.9199199              -0.5432885
         499000        0.9209209              -0.5432360
         499000        0.9219219              -0.5431839
         499000        0.9229229              -0.5431321
         499000        0.9239239              -0.5430808
         499000        0.9249249              -0.5430299
         499000        0.9259259              -0.5429794
         499000        0.9269269              -0.5429293
         499000        0.9279279              -0.5428798
         499000        0.9289289              -0.5428307
         499000        0.9299299              -0.5427821
         499000        0.9309309              -0.5427339
         499000        0.9319319              -0.5426864
         499000        0.9329329              -0.5426393
         499000        0.9339339              -0.5425928
         499000        0.9349349              -0.5425468
         499000        0.9359359              -0.5425014
