              7        0.8758759              -0.7032047
              7        0.8768769              -0.6987191
              7        0.8778779              -0.6942058
              7        0.8788789              -0.6896651
              7        0.8798799              -0.6850971
              7        0.8808809              -0.6805020
              7        0.8818819              -0.6758800
              7        0.8828829              -0.6712312
              7        0.8838839              -0.6665559
              7        0.8848849              -0.6618542
              7        0.8858859              -0.6571264
              7        0.8868869              -0.6523725
              7        0.8878879              -0.6475929
              7        0.8888889              -0.6427876
              7        0.8898899              -0.6379569
              7        0.8908909              -0.6331010
              7        0.8918919              -0.6282200
              7        0.8928929              -0.6233142
              7        0.8938939              -0.6183837
              7        0.8948949              -0.6134287
              7        0.8958959              -0.6084495
              7        0.8968969              -0.6034462
              7        0.8978979              -0.5984191
              7        0.8988989              -0.5933683
              7        0.8998999              -0.5882940
              7        0.9009009              -0.5831964
              7        0.9019019              -0.5780758
              7        0.9029029              -0.5729323
              7        0.9039039              -0.5677661
              7        0.9049049              -0.5625775
              7        0.9059059              -0.5573666
              7        0.9069069              -0.5521336
              7        0.9079079              -0.5468789
              7        0.9089089              -0.5416025
              7        0.9099099              -0.5363046
              7        0.9109109              -0.5309856
              7        0.9119119              -0.5256456
              7        0.9129129              -0.5202847
              7        0.9139139              -0.5149033
              7        0.9149149              -0.5095015
              7        0.9159159              -0.5040796
              7        0.9169169              -0.4986377
              7        0.9179179              -0.4931761
              7        0.9189189              -0.4876949
              7        0.9199199              -0.4821945
              7        0.9209209              -0.4766750
              7        0.9219219              -0.4711367
              7        0.9229229              -0.4655797
              7        0.9239239              -0.4600043
              7        0.9249249              -0.4544107
              7        0.9259259              -0.4487992
              7        0.9269269              -0.4431699
              7        0.9279279              -0.4375230
              7        0.9289289              -0.4318589
              7        0.9299299              -0.4261776
              7        0.9309309              -0.4204795
              7        0.9319319              -0.4147648
              7        0.9329329              -0.4090336
              7        0.9339339              -0.4032863
              7        0.9349349              -0.3975231
              7        0.9359359              -0.3917441
              7        0.9369369              -0.3859496
              7        0.9379379              -0.3801398
              7        0.9389389              -0.3743150
              7        0.9399399              -0.3684754
              7        0.9409409              -0.3626212
              7        0.9419419              -0.3567527
              7        0.9429429              -0.3508701
              7        0.9439439              -0.3449735
              7        0.9449449              -0.3390634
              7        0.9459459              -0.3331398
              7        0.9469469              -0.3272030
              7        0.9479479              -0.3212533
              7        0.9489489              -0.3152909
              7        0.9499499              -0.3093161
              7        0.9509510              -0.3033289
              7        0.9519520              -0.2973298
              7        0.9529530              -0.2913190
              7        0.9539540              -0.2852966
              7        0.9549550              -0.2792629
              7        0.9559560              -0.2732182
              7        0.9569570              -0.2671626
              7        0.9579580              -0.2610965
              7        0.9589590              -0.2550201
              7        0.9599600              -0.2489336
              7        0.9609610              -0.2428372
              7        0.9619620              -0.2367312
              7        0.9629630              -0.2306159
              7        0.9639640              -0.2244914
              7        0.9649650              -0.2183581
              7        0.9659660              -0.2122161
              7        0.9669670              -0.2060657
              7        0.9679680              -0.1999072
              7        0.9689690              -0.1937408
              7        0.9699700              -0.1875667
              7        0.9709710              -0.1813851
              7        0.9719720              -0.1751964
              7        0.9729730              -0.1690008
              7        0.9739740              -0.1627985
              7        0.9749750              -0.1565898
              7        0.9759760              -0.1503748
              7        0.9769770              -0.1441539
              7        0.9779780              -0.1379273
              7        0.9789790              -0.1316953
              7        0.9799800              -0.1254580
              7        0.9809810              -0.1192158
              7        0.9819820              -0.1129689
              7        0.9829830              -0.1067175
              7        0.9839840              -0.1004618
              7        0.9849850              -0.0942022
              7        0.9859860              -0.0879389
              7        0.9869870              -0.0816721
              7        0.9879880              -0.0754021
              7        0.9889890              -0.0691290
              7        0.9899900              -0.0628533
              7        0.9909910              -0.0565750
              7        0.9919920              -0.0502946
              7        0.9929930              -0.0440121
              7        0.9939940              -0.0377279
              7        0.9949950              -0.0314422
              7        0.9959960              -0.0251552
              7        0.9969970              -0.0188673
              7        0.9979980              -0.0125786
              7        0.9989990              -0.0062894
              7        1.0000000              -0.0000000
          99800        0.8758759              -0.5625263
          99800        0.8768769              -0.5601856
          99800        0.8778779              -0.5578509
          99800        0.8788789              -0.5555223
          99800        0.8798799              -0.5532000
          99800        0.8808809              -0.5508844
          99800        0.8818819              -0.5485757
          99800        0.8828829              -0.5462743
          99800        0.8838839              -0.5439802
          99800        0.8848849              -0.5416940
          99800        0.8858859              -0.5394158
          99800        0.8868869              -0.5371459
          99800        0.8878879              -0.5348846
          99800        0.8888889              -0.5326321
          99800        0.8898899              -0.5303889
          99800        0.8908909              -0.5281550
          99800        0.8918919              -0.5259308
          99800        0.8928929              -0.5237166
          99800        0.8938939              -0.5215127
          99800        0.8948949              -0.5193192
          99800        0.8958959              -0.5171366
          99800        0.8968969              -0.5149650
          99800        0.8978979              -0.5128047
          99800        0.8988989              -0.5106560
          99800        0.8998999              -0.5085192
          99800        0.9009009              -0.5063945
          99800        0.9019019              -0.5042822
          99800        0.9029029              -0.5021825
          99800        0.9039039              -0.5000957
          99800        0.9049049              -0.4980222
          99800        0.9059059              -0.4959620
          99800        0.9069069              -0.4939155
          99800        0.9079079              -0.4918830
          99800        0.9089089              -0.4898647
          99800        0.9099099              -0.4878608
          99800        0.9109109              -0.4858716
          99800        0.9119119              -0.4838974
          99800        0.9129129              -0.4819384
          99800        0.9139139              -0.4799948
          99800        0.9149149              -0.4780669
          99800        0.9159159              -0.4761549
          99800        0.9169169              -0.4742591
          99800        0.9179179              -0.4723797
          99800        0.9189189              -0.4705169
          99800        0.9199199              -0.4686711
          99800        0.9209209              -0.4668423
          99800        0.9219219              -0.4650308
          99800        0.9229229              -0.4632369
          99800        0.9239239              -0.4614608
          99800        0.9249249              -0.4597027
          99800        0.9259259              -0.4579628
          99800        0.9269269              -0.4562413
          99800        0.9279279              -0.4545385
          99800        0.9289289              -0.4528546
          99800        0.9299299              -0.4511897
          99800        0.9309309              -0.4495441
          99800        0.9319319              -0.4479180
          99800        0.9329329              -0.4463116
          99800        0.9339339              -0.4447250
          99800        0.9349349              -0.4431585
          99800        0.9359359              -0.4416123
          99800        0.9369369              -0.4400866
          99800        0.9379379              -0.4385814
          99800        0.9389389              -0.4370971
          99800        0.9399399              -0.4356338
          99800        0.9409409              -0.4341917
          99800        0.9419419              -0.4327709
          99800        0.9429429              -0.4313717
          99800        0.9439439              -0.4299941
          99800        0.9449449              -0.4286384
          99800        0.9459459              -0.4273046
          99800        0.9469469              -0.4259930
          99800        0.9479479              -0.4247038
          99800        0.9489489              -0.4234369
          99800        0.9499499              -0.4221927
          99800        0.9509510              -0.4209713
          99800        0.9519520              -0.4197727
          99800        0.9529530              -0.4185971
          99800        0.9539540              -0.4174446
          99800        0.9549550              -0.4163154
          99800        0.9559560              -0.4152096
          99800        0.9569570              -0.4141273
          99800        0.9579580              -0.4130686
          99800        0.9589590              -0.4120337
          99800        0.9599600              -0.4110225
          99800        0.9609610              -0.4100353
          99800        0.9619620              -0.4090721
          99800        0.9629630              -0.4081331
          99800        0.9639640              -0.4072182
          99800        0.9649650              -0.4063276
          99800        0.9659660              -0.4054614
          99800        0.9669670              -0.4046196
          99800        0.9679680              -0.4038024
          99800        0.9689690              -0.4030097
          99800        0.9699700              -0.4022416
          99800        0.9709710              -0.4014982
          99800        0.9719720              -0.4007796
          99800        0.9729730              -0.4000858
          99800        0.9739740              -0.3994168
          99800        0.9749750              -0.3987727
          99800        0.9759760              -0.3981534
          99800        0.9769770              -0.3975592
          99800        0.9779780              -0.3969898
          99800        0.9789790              -0.3964455
          99800        0.9799800              -0.3959261
          99800        0.9809810              -0.3954317
          99800        0.9819820              -0.3949624
          99800        0.9829830              -0.3945180
          99800        0.9839840              -0.3940987
          99800        0.9849850              -0.3937043
          99800        0.9859860              -0.3933349
          99800        0.9869870              -0.3929904
          99800        0.9879880              -0.3926709
          99800        0.9889890              -0.3923763
          99800        0.9899900              -0.3921065
          99800        0.9909910              -0.3918616
          99800        0.9919920              -0.3916414
          99800        0.9929930              -0.3914460
          99800        0.9939940              -0.3912752
          99800        0.9949950              -0.3911290
          99800        0.9959960              -0.3910074
          99800        0.9969970              -0.3909103
          99800        0.9979980              -0.3908376
          99800        0.9989990              -0.3907892
          99800        1.0000000              -0.3907651
         199600        0.8758759              -0.5456196
         199600        0.8768769              -0.5444842
         199600        0.8778779              -0.5433540
         199600        0.8788789              -0.5422290
         199600        0.8798799              -0.5411094
         199600        0.8808809              -0.5399953
         199600        0.8818819              -0.5388867
         199600        0.8828829              -0.5377838
         199600        0.8838839              -0.5366867
         199600        0.8848849              -0.5355955
         199600        0.8858859              -0.5345103
         199600        0.8868869              -0.5334312
         199600        0.8878879              -0.5323583
         199600        0.8888889              -0.5312917
         199600        0.8898899              -0.5302315
         199600        0.8908909              -0.5291779
         199600        0.8918919              -0.5281308
         199600        0.8928929              -0.5270905
         199600        0.8938939              -0.5260570
         199600        0.8948949              -0.5250304
         199600        0.8958959              -0.5240108
         199600        0.8968969              -0.5229983
         199600        0.8978979              -0.5219930
         199600        0.8988989              -0.5209949
         199600        0.8998999              -0.5200043
         199600        0.9009009              -0.5190211
         199600        0.9019019              -0.5180455
         199600        0.9029029              -0.5170775
         199600        0.9039039              -0.5161172
         199600        0.9049049              -0.5151648
         199600        0.9059059              -0.5142202
         199600        0.9069069              -0.5132837
         199600        0.9079079              -0.5123552
         199600        0.9089089              -0.5114348
         199600        0.9099099              -0.5105227
         199600        0.9109109              -0.5096189
         199600        0.9119119              -0.5087235
         199600        0.9129129              -0.5078365
         199600        0.9139139              -0.5069580
         199600        0.9149149              -0.5060882
         199600        0.9159159              -0.5052271
         199600        0.9169169              -0.5043747
         199600        0.9179179              -0.5035311
         199600        0.9189189              -0.5026964
         199600        0.9199199              -0.5018707
         199600        0.9209209              -0.5010539
         199600        0.9219219              -0.5002463
         199600        0.9229229              -0.4994479
         199600        0.9239239              -0.4986586
         199600        0.9249249              -0.4978787
         199600        0.9259259              -0.4971080
         199600        0.9269269              -0.4963468
         199600        0.9279279              -0.4955950
         199600        0.9289289              -0.4948528
         199600        0.9299299              -0.4941201
         199600        0.9309309              -0.4933970
         199600        0.9319319              -0.4926836
         199600        0.9329329              -0.4919799
         199600        0.9339339              -0.4912860
         199600        0.9349349              -0.4906019
         199600        0.9359359              -0.4899277
         199600        0.9369369              -0.4892634
         199600        0.9379379              -0.4886090
         199600        0.9389389              -0.4879647
         199600        0.9399399              -0.4873304
         199600        0.9409409              -0.4867061
         199600        0.9419419              -0.4860920
         199600        0.9429429              -0.4854881
         199600        0.9439439              -0.4848943
         199600        0.9449449              -0.4843108
         199600        0.9459459              -0.4837375
         199600        0.9469469              -0.4831745
         199600        0.9479479              -0.4826218
         199600        0.9489489              -0.4820795
         199600        0.9499499              -0.4815476
         199600        0.9509510              -0.4810261
         199600        0.9519520              -0.4805150
         199600        0.9529530              -0.4800143
         199600        0.9539540              -0.4795242
         199600        0.9549550              -0.4790445
         199600        0.9559560              -0.4785753
         199600        0.9569570              -0.4781167
         199600        0.9579580              -0.4776686
         199600        0.9589590              -0.4772311
         199600        0.9599600              -0.4768041
         199600        0.9609610              -0.4763877
         199600        0.9619620              -0.4759820
         199600        0.9629630              -0.4755868
         199600        0.9639640              -0.4752022
         199600        0.9649650              -0.4748283
         199600        0.9659660              -0.4744649
         199600        0.9669670              -0.4741123
         199600        0.9679680              -0.4737702
         199600        0.9689690              -0.4734387
         199600        0.9699700              -0.4731179
         199600        0.9709710              -0.4728077
         199600        0.9719720              -0.4725081
         199600        0.9729730              -0.4722191
         199600        0.9739740              -0.4719408
         199600        0.9749750              -0.4716730
         199600        0.9759760              -0.4714158
         199600        0.9769770              -0.4711692
         199600        0.9779780              -0.4709331
         199600        0.9789790              -0.4707076
         199600        0.9799800              -0.4704927
         199600        0.9809810              -0.4702882
         199600        0.9819820              -0.4700942
         199600        0.9829830              -0.4699107
         199600        0.9839840              -0.4697377
         199600        0.9849850              -0.4695751
         199600        0.9859860              -0.4694229
         199600        0.9869870              -0.4692810
         199600        0.9879880              -0.4691495
         199600        0.9889890              -0.4690284
         199600        0.9899900              -0.4689175
         199600        0.9909910              -0.4688169
         199600        0.9919920              -0.4687266
         199600        0.9929930              -0.4686464
         199600        0.9939940              -0.4685764
         199600        0.9949950              -0.4685165
         199600        0.9959960              -0.4684667
         199600        0.9969970              -0.4684269
         199600        0.9979980              -0.4683972
         199600        0.9989990              -0.4683774
         199600        1.0000000              -0.4683675
         299400        0.8758759              -0.5434715
         299400        0.8768769              -0.5428794
         299400        0.8778779              -0.5422901
         299400        0.8788789              -0.5417036
         299400        0.8798799              -0.5411199
         299400        0.8808809              -0.5405392
         299400        0.8818819              -0.5399614
         299400        0.8828829              -0.5393867
         299400        0.8838839              -0.5388151
         299400        0.8848849              -0.5382467
         299400        0.8858859              -0.5376816
         299400        0.8868869              -0.5371197
         299400        0.8878879              -0.5365611
         299400        0.8888889              -0.5360060
         299400        0.8898899              -0.5354543
         299400        0.8908909              -0.5349061
         299400        0.8918919              -0.5343616
         299400        0.8928929              -0.5338206
         299400        0.8938939              -0.5332833
         299400        0.8948949              -0.5327497
         299400        0.8958959              -0.5322200
         299400        0.8968969              -0.5316940
         299400        0.8978979              -0.5311720
         299400        0.8988989              -0.5306538
         299400        0.8998999              -0.5301397
         299400        0.9009009              -0.5296296
         299400        0.9019019              -0.5291235
         299400        0.9029029              -0.5286216
         299400        0.9039039              -0.5281239
         299400        0.9049049              -0.5276303
         299400        0.9059059              -0.5271410
         299400        0.9069069              -0.5266560
         299400        0.9079079              -0.5261754
         299400        0.9089089              -0.5256991
         299400        0.9099099              -0.5252272
         299400        0.9109109              -0.5247598
         299400        0.9119119              -0.5242969
         299400        0.9129129              -0.5238385
         299400        0.9139139              -0.5233847
         299400        0.9149149              -0.5229356
         299400        0.9159159              -0.5224910
         299400        0.9169169              -0.5220512
         299400        0.9179179              -0.5216160
         299400        0.9189189              -0.5211856
         299400        0.9199199              -0.5207600
         299400        0.9209209              -0.5203392
         299400        0.9219219              -0.5199232
         299400        0.9229229              -0.5195121
         299400        0.9239239              -0.5191060
         299400        0.9249249              -0.5187047
         299400        0.9259259              -0.5183084
         299400        0.9269269              -0.5179171
         299400        0.9279279              -0.5175308
         299400        0.9289289              -0.5171495
         299400        0.9299299              -0.5167733
         299400        0.9309309              -0.5164022
         299400        0.9319319              -0.5160362
         299400        0.9329329              -0.5156753
         299400        0.9339339              -0.5153196
         299400        0.9349349              -0.5149691
         299400        0.9359359              -0.5146237
         299400        0.9369369              -0.5142836
         299400        0.9379379              -0.5139487
         299400        0.9389389              -0.5136190
         299400        0.9399399              -0.5132946
         299400        0.9409409              -0.5129755
         299400        0.9419419              -0.5126617
         299400        0.9429429              -0.5123531
         299400        0.9439439              -0.5120500
         299400        0.9449449              -0.5117521
         299400        0.9459459              -0.5114596
         299400        0.9469469              -0.5111725
         299400        0.9479479              -0.5108907
         299400        0.9489489              -0.5106144
         299400        0.9499499              -0.5103434
         299400        0.9509510              -0.5100778
         299400        0.9519520              -0.5098177
         299400        0.9529530              -0.5095629
         299400        0.9539540              -0.5093136
         299400        0.9549550              -0.5090697
         299400        0.9559560              -0.5088312
         299400        0.9569570              -0.5085982
         299400        0.9579580              -0.5083706
         299400        0.9589590              -0.5081485
         299400        0.9599600              -0.5079318
         299400        0.9609610              -0.5077206
         299400        0.9619620              -0.5075148
         299400        0.9629630              -0.5073144
         299400        0.9639640              -0.5071195
         299400        0.9649650              -0.5069301
         299400        0.9659660              -0.5067461
         299400        0.9669670              -0.5065675
         299400        0.9679680              -0.5063944
         299400        0.9689690              -0.5062267
         299400        0.9699700              -0.5060644
         299400        0.9709710              -0.5059076
         299400        0.9719720              -0.5057562
         299400        0.9729730              -0.5056101
         299400        0.9739740              -0.5054695
         299400        0.9749750              -0.5053343
         299400        0.9759760              -0.5052045
         299400        0.9769770              -0.5050800
         299400        0.9779780              -0.5049609
         299400        0.9789790              -0.5048472
         299400        0.9799800              -0.5047388
         299400        0.9809810              -0.5046357
         299400        0.9819820              -0.5045380
         299400        0.9829830              -0.5044455
         299400        0.9839840              -0.5043584
         299400        0.9849850              -0.5042765
         299400        0.9859860              -0.5041999
         299400        0.9869870              -0.5041285
         299400        0.9879880              -0.5040624
         299400        0.9889890              -0.5040014
         299400        0.9899900              -0.5039457
         299400        0.9909910              -0.5038951
         299400        0.9919920              -0.5038497
         299400        0.9929930              -0.5038094
         299400        0.9939940              -0.5037742
         299400        0.9949950              -0.5037441
         299400        0.9959960              -0.5037191
         299400        0.9969970              -0.5036991
         299400        0.9979980              -0.5036842
         299400        0.9989990              -0.5036743
         299400        1.0000000              -0.5036693
         399200        0.8758759              -0.5400701
         399200        0.8768769              -0.5398075
         399200        0.8778779              -0.5395455
         399200        0.8788789              -0.5392842
         399200        0.8798799              -0.5390237
         399200        0.8808809              -0.5387639
         399200        0.8818819              -0.5385050
         399200        0.8828829              -0.5382470
         399200        0.8838839              -0.5379898
         399200        0.8848849              -0.5377337
         399200        0.8858859              -0.5374785
         399200        0.8868869              -0.5372243
         399200        0.8878879              -0.5369713
         399200        0.8888889              -0.5367193
         399200        0.8898899              -0.5364685
         399200        0.8908909              -0.5362188
         399200        0.8918919              -0.5359704
         399200        0.8928929              -0.5357233
         399200        0.8938939              -0.5354774
         399200        0.8948949              -0.5352329
         399200        0.8958959              -0.5349898
         399200        0.8968969              -0.5347480
         399200        0.8978979              -0.5345077
         399200        0.8988989              -0.5342688
         399200        0.8998999              -0.5340315
         399200        0.9009009              -0.5337957
         399200        0.9019019              -0.5335614
         399200        0.9029029              -0.5333288
         399200        0.9039039              -0.5330978
         399200        0.9049049              -0.5328684
         399200        0.9059059              -0.5326408
         399200        0.9069069              -0.5324148
         399200        0.9079079              -0.5321906
         399200        0.9089089              -0.5319682
         399200        0.9099099              -0.5317476
         399200        0.9109109              -0.5315289
         399200        0.9119119              -0.5313119
         399200        0.9129129              -0.5310969
         399200        0.9139139              -0.5308838
         399200        0.9149149              -0.5306727
         399200        0.9159159              -0.5304635
         399200        0.9169169              -0.5302563
         399200        0.9179179              -0.5300511
         399200        0.9189189              -0.5298480
         399200        0.9199199              -0.5296470
         399200        0.9209209              -0.5294480
         399200        0.9219219              -0.5292511
         399200        0.9229229              -0.5290564
         399200        0.9239239              -0.5288638
         399200        0.9249249              -0.5286734
         399200        0.9259259              -0.5284852
         399200        0.9269269              -0.5282992
         399200        0.9279279              -0.5281154
         399200        0.9289289              -0.5279339
         399200        0.9299299              -0.5277547
         399200        0.9309309              -0.5275777
         399200        0.9319319              -0.5274031
         399200        0.9329329              -0.5272308
         399200        0.9339339              -0.5270608
         399200        0.9349349              -0.5268932
         399200        0.9359359              -0.5267280
         399200        0.9369369              -0.5265651
         399200        0.9379379              -0.5264047
         399200        0.9389389              -0.5262467
         399200        0.9399399              -0.5260911
         399200        0.9409409              -0.5259379
         399200        0.9419419              -0.5257872
         399200        0.9429429              -0.5256390
         399200        0.9439439              -0.5254932
         399200        0.9449449              -0.5253500
         399200        0.9459459              -0.5252092
         399200        0.9469469              -0.5250710
         399200        0.9479479              -0.5249352
         399200        0.9489489              -0.5248021
         399200        0.9499499              -0.5246714
         399200        0.9509510              -0.5245433
         399200        0.9519520              -0.5244177
         399200        0.9529530              -0.5242948
         399200        0.9539540              -0.5241743
         399200        0.9549550              -0.5240565
         399200        0.9559560              -0.5239412
         399200        0.9569570              -0.5238286
         399200        0.9579580              -0.5237185
         399200        0.9589590              -0.5236110
         399200        0.9599600              -0.5235061
         399200        0.9609610              -0.5234038
         399200        0.9619620              -0.5233042
         399200        0.9629630              -0.5232071
         399200        0.9639640              -0.5231126
         399200        0.9649650              -0.5230208
         399200        0.9659660              -0.5229316
         399200        0.9669670              -0.5228450
         399200        0.9679680              -0.5227610
         399200        0.9689690              -0.5226797
         399200        0.9699700              -0.5226009
         399200        0.9709710              -0.5225248
         399200        0.9719720              -0.5224513
         399200        0.9729730              -0.5223804
         399200        0.9739740              -0.5223121
         399200        0.9749750              -0.5222464
         399200        0.9759760              -0.5221833
         399200        0.9769770              -0.5221228
         399200        0.9779780              -0.5220650
         399200        0.9789790              -0.5220097
         399200        0.9799800              -0.5219570
         399200        0.9809810              -0.5219069
         399200        0.9819820              -0.5218594
         399200        0.9829830              -0.5218144
         399200        0.9839840              -0.5217721
         399200        0.9849850              -0.5217322
         399200        0.9859860              -0.5216950
         399200        0.9869870              -0.5216603
         399200        0.9879880              -0.5216281
         399200        0.9889890              -0.5215985
         399200        0.9899900              -0.5215714
         399200        0.9909910              -0.5215468
         399200        0.9919920              -0.5215247
         399200        0.9929930              -0.5215051
         399200        0.9939940              -0.5214880
         399200        0.9949950              -0.5214733
         399200        0.9959960              -0.5214612
         399200        0.9969970              -0.5214515
         399200        0.9979980              -0.5214442
         399200        0.9989990              -0.5214394
         399200        1.0000000              -0.5214370
         499000        0.8758759              -0.5356328
         499000        0.8768769              -0.5355646
         499000        0.8778779              -0.5354955
         499000        0.8788789              -0.5354257
         499000        0.8798799              -0.5353553
         499000        0.8808809              -0.5352843
         499000        0.8818819              -0.5352127
         499000        0.8828829              -0.5351406
         499000        0.8838839              -0.5350681
         499000        0.8848849              -0.5349951
         499000        0.8858859              -0.5349218
         499000        0.8868869              -0.5348481
         499000        0.8878879              -0.5347741
         499000        0.8888889              -0.5346999
         499000        0.8898899              -0.5346254
         499000        0.8908909              -0.5345507
         499000        0.8918919              -0.5344758
         499000        0.8928929              -0.5344008
         499000        0.8938939              -0.5343256
         499000        0.8948949              -0.5342504
         499000        0.8958959              -0.5341751
         499000        0.8968969              -0.5340998
         499000        0.8978979              -0.5340244
         499000        0.8988989              -0.5339491
         499000        0.8998999              -0.5338738
         499000        0.9009009              -0.5337986
         499000        0.9019019              -0.5337235
         499000        0.9029029              -0.5336486
         499000        0.9039039              -0.5335737
         499000        0.9049049              -0.5334991
         499000        0.9059059              -0.5334246
         499000        0.9069069              -0.5333503
         499000        0.9079079              -0.5332763
         499000        0.9089089              -0.5332026
         499000        0.9099099              -0.5331291
         499000        0.9109109              -0.5330559
         499000        0.9119119              -0.5329831
         499000        0.9129129              -0.5329106
         499000        0.9139139              -0.5328385
         499000        0.9149149              -0.5327667
         499000        0.9159159              -0.5326954
         499000        0.9169169              -0.5326245
         499000        0.9179179              -0.5325541
         499000        0.9189189              -0.5324841
         499000        0.9199199              -0.5324146
         499000        0.9209209              -0.5323455
         499000        0.9219219              -0.5322771
         499000        0.9229229              -0.5322091
         499000        0.9239239              -0.5321417
         499000        0.9249249              -0.5320748
         499000        0.9259259              -0.5320086
         499000        0.9269269              -0.5319429
         499000        0.9279279              -0.5318779
         499000        0.9289289              -0.5318134
         499000        0.9299299              -0.5317497
         499000        0.9309309              -0.5316865
         499000        0.9319319              -0.5316241
         499000        0.9329329              -0.5315623
         499000        0.9339339              -0.5315013
         499000        0.9349349              -0.5314409
         499000        0.9359359              -0.5313813
         499000        0.9369369              -0.5313224
         499000        0.9379379              -0.5312642
         499000        0.9389389              -0.5312068
         499000        0.9399399              -0.5311502
         499000        0.9409409              -0.5310943
         499000        0.9419419              -0.5310393
         499000        0.9429429              -0.5309850
         499000        0.9439439              -0.5309315
         499000        0.9449449              -0.5308789
         499000        0.9459459              -0.5308271
         499000        0.9469469              -0.5307762
         499000        0.9479479              -0.5307261
         499000        0.9489489              -0.5306768
         499000        0.9499499              -0.5306284
         499000        0.9509510              -0.5305809
         499000        0.9519520              -0.5305342
         499000        0.9529530              -0.5304885
         499000        0.9539540              -0.5304436
         499000        0.9549550              -0.5303997
         499000        0.9559560              -0.5303566
         499000        0.9569570              -0.5303145
         499000        0.9579580              -0.5302732
         499000        0.9589590              -0.5302329
         499000        0.9599600              -0.5301936
         499000        0.9609610              -0.5301551
         499000        0.9619620              -0.5301176
         499000        0.9629630              -0.5300811
         499000        0.9639640              -0.5300455
         499000        0.9649650              -0.5300108
         499000        0.9659660              -0.5299771
         499000        0.9669670              -0.5299444
         499000        0.9679680              -0.5299126
         499000        0.9689690              -0.5298817
         499000        0.9699700              -0.5298519
         499000        0.9709710              -0.5298230
         499000        0.9719720              -0.5297951
         499000        0.9729730              -0.5297681
         499000        0.9739740              -0.5297422
         499000        0.9749750              -0.5297172
         499000        0.9759760              -0.5296932
         499000        0.9769770              -0.5296701
         499000        0.9779780              -0.5296480
         499000        0.9789790              -0.5296270
         499000        0.9799800              -0.5296068
         499000        0.9809810              -0.5295877
         499000        0.9819820              -0.5295695
         499000        0.9829830              -0.5295524
         499000        0.9839840              -0.5295362
         499000        0.9849850              -0.5295209
         499000        0.9859860              -0.5295067
         499000        0.9869870              -0.5294934
         499000        0.9879880              -0.5294811
         499000        0.9889890              -0.5294697
         499000        0.9899900              -0.5294593
         499000        0.9909910              -0.5294499
         499000        0.9919920              -0.5294414
         499000        0.9929930              -0.5294339
         499000        0.9939940              -0.5294273
         499000        0.9949950              -0.5294217
         499000        0.9959960              -0.5294171
         499000        0.9969970              -0.5294133
         499000        0.9979980              -0.5294105
         499000        0.9989990              -0.5294087
         499000        1.0000000              -0.5294078
         598800        0.8758759              -0.5297123
         598800        0.8768769              -0.5297745
         598800        0.8778779              -0.5298350
         598800        0.8788789              -0.5298940
         598800        0.8798799              -0.5299515
         598800        0.8808809              -0.5300074
         598800        0.8818819              -0.5300617
         598800        0.8828829              -0.5301147
         598800        0.8838839              -0.5301661
         598800        0.8848849              -0.5302162
         598800        0.8858859              -0.5302649
         598800        0.8868869              -0.5303122
         598800        0.8878879              -0.5303582
         598800        0.8888889              -0.5304029
         598800        0.8898899              -0.5304462
         598800        0.8908909              -0.5304884
         598800        0.8918919              -0.5305293
         598800        0.8928929              -0.5305690
         598800        0.8938939              -0.5306075
         598800        0.8948949              -0.5306449
         598800        0.8958959              -0.5306811
         598800        0.8968969              -0.5307163
         598800        0.8978979              -0.5307503
         598800        0.8988989              -0.5307833
         598800        0.8998999              -0.5308153
         598800        0.9009009              -0.5308462
         598800        0.9019019              -0.5308762
         598800        0.9029029              -0.5309052
         598800        0.9039039              -0.5309333
         598800        0.9049049              -0.5309604
         598800        0.9059059              -0.5309866
         598800        0.9069069              -0.5310119
         598800        0.9079079              -0.5310364
         598800        0.9089089              -0.5310601
         598800        0.9099099              -0.5310829
         598800        0.9109109              -0.5311049
         598800        0.9119119              -0.5311262
         598800        0.9129129              -0.5311467
         598800        0.9139139              -0.5311664
         598800        0.9149149              -0.5311855
         598800        0.9159159              -0.5312038
         598800        0.9169169              -0.5312214
         598800        0.9179179              -0.5312384
         598800        0.9189189              -0.5312547
         598800        0.9199199              -0.5312704
         598800        0.9209209              -0.5312855
         598800        0.9219219              -0.5313000
         598800        0.9229229              -0.5313139
         598800        0.9239239              -0.5313272
         598800        0.9249249              -0.5313400
         598800        0.9259259              -0.5313523
         598800        0.9269269              -0.5313640
         598800        0.9279279              -0.5313752
         598800        0.9289289              -0.5313860
         598800        0.9299299              -0.5313963
         598800        0.9309309              -0.5314061
         598800        0.9319319              -0.5314155
         598800        0.9329329              -0.5314244
         598800        0.9339339              -0.5314329
         598800        0.9349349              -0.5314411
         598800        0.9359359              -0.5314488
         598800        0.9369369              -0.5314562
         598800        0.9379379              -0.5314632
         598800        0.9389389              -0.5314698
         598800        0.9399399              -0.5314761
         598800        0.9409409              -0.5314821
         598800        0.9419419              -0.5314878
         598800        0.9429429              -0.5314932
         598800        0.9439439              -0.5314982
         598800        0.9449449              -0.5315030
         598800        0.9459459              -0.5315076
         598800        0.9469469              -0.5315118
         598800        0.9479479              -0.5315158
         598800        0.9489489              -0.5315196
         598800        0.9499499              -0.5315232
         598800        0.9509510              -0.5315265
         598800        0.9519520              -0.5315296
         598800        0.9529530              -0.5315325
         598800        0.9539540              -0.5315353
         598800        0.9549550              -0.5315378
         598800        0.9559560              -0.5315402
         598800        0.9569570              -0.5315424
         598800        0.9579580              -0.5315444
         598800        0.9589590              -0.5315463
         598800        0.9599600              -0.5315481
         598800        0.9609610              -0.5315497
         598800        0.9619620              -0.5315512
         598800        0.9629630              -0.5315525
         598800        0.9639640              -0.5315538
         598800        0.9649650              -0.5315549
         598800        0.9659660              -0.5315560
         598800        0.9669670              -0.5315569
         598800        0.9679680              -0.5315578
         598800        0.9689690              -0.5315585
         598800        0.9699700              -0.5315592
         598800        0.9709710              -0.5315599
         598800        0.9719720              -0.5315604
         598800        0.9729730              -0.5315609
         598800        0.9739740              -0.5315613
         598800        0.9749750              -0.5315617
         598800        0.9759760              -0.5315620
         598800        0.9769770              -0.5315623
         598800        0.9779780              -0.5315626
         598800        0.9789790              -0.5315628
         598800        0.9799800              -0.5315629
         598800        0.9809810              -0.5315631
         598800        0.9819820              -0.5315632
         598800        0.9829830              -0.5315633
         598800        0.9839840              -0.5315634
         598800        0.9849850              -0.5315634
         598800        0.9859860              -0.5315634
         598800        0.9869870              -0.5315635
         598800        0.9879880              -0.5315635
         598800        0.9889890              -0.5315635
         598800        0.9899900              -0.5315635
         598800        0.9909910              -0.5315635
         598800        0.9919920              -0.5315635
         598800        0.9929930              -0.5315635
         598800        0.9939940              -0.5315634
         598800        0.9949950              -0.5315634
         598800        0.9959960              -0.5315634
         598800        0.9969970              -0.5315634
         598800        0.9979980              -0.5315634
         598800        0.9989990              -0.5315634
         598800        1.0000000              -0.5315634
         698600        0.8758759              -0.5226246
         698600        0.8768769              -0.5227747
         698600        0.8778779              -0.5229225
         698600        0.8788789              -0.5230681
         698600        0.8798799              -0.5232114
         698600        0.8808809              -0.5233526
         698600        0.8818819              -0.5234916
         698600        0.8828829              -0.5236284
         698600        0.8838839              -0.5237632
         698600        0.8848849              -0.5238959
         698600        0.8858859              -0.5240265
         698600        0.8868869              -0.5241551
         698600        0.8878879              -0.5242816
         698600        0.8888889              -0.5244062
         698600        0.8898899              -0.5245288
         698600        0.8908909              -0.5246494
         698600        0.8918919              -0.5247682
         698600        0.8928929              -0.5248850
         698600        0.8938939              -0.5250000
         698600        0.8948949              -0.5251131
         698600        0.8958959              -0.5252244
         698600        0.8968969              -0.5253338
         698600        0.8978979              -0.5254415
         698600        0.8988989              -0.5255474
         698600        0.8998999              -0.5256516
         698600        0.9009009              -0.5257540
         698600        0.9019019              -0.5258547
         698600        0.9029029              -0.5259538
         698600        0.9039039              -0.5260512
         698600        0.9049049              -0.5261469
         698600        0.9059059              -0.5262410
         698600        0.9069069              -0.5263335
         698600        0.9079079              -0.5264244
         698600        0.9089089              -0.5265137
         698600        0.9099099              -0.5266015
         698600        0.9109109              -0.5266878
         698600        0.9119119              -0.5267725
         698600        0.9129129              -0.5268557
         698600        0.9139139              -0.5269375
         698600        0.9149149              -0.5270178
         698600        0.9159159              -0.5270967
         698600        0.9169169              -0.5271741
         698600        0.9179179              -0.5272501
         698600        0.9189189              -0.5273248
         698600        0.9199199              -0.5273980
         698600        0.9209209              -0.5274699
         698600        0.9219219              -0.5275405
         698600        0.9229229              -0.5276097
         698600        0.9239239              -0.5276776
         698600        0.9249249              -0.5277442
         698600        0.9259259              -0.5278096
         698600        0.9269269              -0.5278736
         698600        0.9279279              -0.5279365
         698600        0.9289289              -0.5279981
         698600        0.9299299              -0.5280584
         698600        0.9309309              -0.5281176
         698600        0.9319319              -0.5281755
         698600        0.9329329              -0.5282323
         698600        0.9339339              -0.5282880
         698600        0.9349349              -0.5283424
         698600        0.9359359              -0.5283958
         698600        0.9369369              -0.5284480
         698600        0.9379379              -0.5284991
         698600        0.9389389              -0.5285491
         698600        0.9399399              -0.5285980
         698600        0.9409409              -0.5286459
         698600        0.9419419              -0.5286926
         698600        0.9429429              -0.5287384
         698600        0.9439439              -0.5287831
         698600        0.9449449              -0.5288268
         698600        0.9459459              -0.5288694
         698600        0.9469469              -0.5289111
         698600        0.9479479              -0.5289517
         698600        0.9489489              -0.5289914
         698600        0.9499499              -0.5290302
         698600        0.9509510              -0.5290679
         698600        0.9519520              -0.5291047
         698600        0.9529530              -0.5291406
         698600        0.9539540              -0.5291756
         698600        0.9549550              -0.5292096
         698600        0.9559560              -0.5292427
         698600        0.9569570              -0.5292750
         698600        0.9579580              -0.5293063
         698600        0.9589590              -0.5293368
         698600        0.9599600              -0.5293664
         698600        0.9609610              -0.5293951
         698600        0.9619620              -0.5294230
         698600        0.9629630              -0.5294500
         698600        0.9639640              -0.5294762
         698600        0.9649650              -0.5295016
         698600        0.9659660              -0.5295262
         698600        0.9669670              -0.5295499
         698600        0.9679680              -0.5295729
         698600        0.9689690              -0.5295951
         698600        0.9699700              -0.5296164
         698600        0.9709710              -0.5296370
         698600        0.9719720              -0.5296569
         698600        0.9729730              -0.5296759
         698600        0.9739740              -0.5296942
         698600        0.9749750              -0.5297118
         698600        0.9759760              -0.5297286
         698600        0.9769770              -0.5297447
         698600        0.9779780              -0.5297600
         698600        0.9789790              -0.5297746
         698600        0.9799800              -0.5297885
         698600        0.9809810              -0.5298017
         698600        0.9819820              -0.5298142
         698600        0.9829830              -0.5298260
         698600        0.9839840              -0.5298371
         698600        0.9849850              -0.5298475
         698600        0.9859860              -0.5298572
         698600        0.9869870              -0.5298662
         698600        0.9879880              -0.5298746
         698600        0.9889890              -0.5298823
         698600        0.9899900              -0.5298893
         698600        0.9909910              -0.5298957
         698600        0.9919920              -0.5299014
         698600        0.9929930              -0.5299065
         698600        0.9939940              -0.5299109
         698600        0.9949950              -0.5299147
         698600        0.9959960              -0.5299178
         698600        0.9969970              -0.5299203
         698600        0.9979980              -0.5299222
         698600        0.9989990              -0.5299234
         698600        1.0000000              -0.5299240
         798400        0.8758759              -0.5149214
         798400        0.8768769              -0.5151301
         798400        0.8778779              -0.5153361
         798400        0.8788789              -0.5155394
         798400        0.8798799              -0.5157401
         798400        0.8808809              -0.5159381
         798400        0.8818819              -0.5161335
         798400        0.8828829              -0.5163263
         798400        0.8838839              -0.5165165
         798400        0.8848849              -0.5167041
         798400        0.8858859              -0.5168892
         798400        0.8868869              -0.5170718
         798400        0.8878879              -0.5172519
         798400        0.8888889              -0.5174296
         798400        0.8898899              -0.5176048
         798400        0.8908909              -0.5177775
         798400        0.8918919              -0.5179479
         798400        0.8928929              -0.5181158
         798400        0.8938939              -0.5182814
         798400        0.8948949              -0.5184447
         798400        0.8958959              -0.5186056
         798400        0.8968969              -0.5187643
         798400        0.8978979              -0.5189206
         798400        0.8988989              -0.5190747
         798400        0.8998999              -0.5192265
         798400        0.9009009              -0.5193761
         798400        0.9019019              -0.5195236
         798400        0.9029029              -0.5196688
         798400        0.9039039              -0.5198118
         798400        0.9049049              -0.5199528
         798400        0.9059059              -0.5200915
         798400        0.9069069              -0.5202282
         798400        0.9079079              -0.5203628
         798400        0.9089089              -0.5204953
         798400        0.9099099              -0.5206258
         798400        0.9109109              -0.5207542
         798400        0.9119119              -0.5208806
         798400        0.9129129              -0.5210050
         798400        0.9139139              -0.5211275
         798400        0.9149149              -0.5212479
         798400        0.9159159              -0.5213664
         798400        0.9169169              -0.5214830
         798400        0.9179179              -0.5215977
         798400        0.9189189              -0.5217105
         798400        0.9199199              -0.5218213
         798400        0.9209209              -0.5219304
         798400        0.9219219              -0.5220376
         798400        0.9229229              -0.5221429
         798400        0.9239239              -0.5222465
         798400        0.9249249              -0.5223482
         798400        0.9259259              -0.5224482
         798400        0.9269269              -0.5225464
         798400        0.9279279              -0.5226428
         798400        0.9289289              -0.5227375
         798400        0.9299299              -0.5228305
         798400        0.9309309              -0.5229218
         798400        0.9319319              -0.5230114
         798400        0.9329329              -0.5230993
         798400        0.9339339              -0.5231855
         798400        0.9349349              -0.5232701
         798400        0.9359359              -0.5233531
         798400        0.9369369              -0.5234344
         798400        0.9379379              -0.5235142
         798400        0.9389389              -0.5235923
         798400        0.9399399              -0.5236689
         798400        0.9409409              -0.5237439
         798400        0.9419419              -0.5238173
         798400        0.9429429              -0.5238892
         798400        0.9439439              -0.5239596
         798400        0.9449449              -0.5240285
         798400        0.9459459              -0.5240958
         798400        0.9469469              -0.5241617
         798400        0.9479479              -0.5242261
         798400        0.9489489              -0.5242891
         798400        0.9499499              -0.5243505
         798400        0.9509510              -0.5244106
         798400        0.9519520              -0.5244692
         798400        0.9529530              -0.5245264
         798400        0.9539540              -0.5245822
         798400        0.9549550              -0.5246366
         798400        0.9559560              -0.5246896
         798400        0.9569570              -0.5247412
         798400        0.9579580              -0.5247915
         798400        0.9589590              -0.5248404
         798400        0.9599600              -0.5248880
         798400        0.9609610              -0.5249343
         798400        0.9619620              -0.5249792
         798400        0.9629630              -0.5250228
         798400        0.9639640              -0.5250652
         798400        0.9649650              -0.5251062
         798400        0.9659660              -0.5251459
         798400        0.9669670              -0.5251844
         798400        0.9679680              -0.5252216
         798400        0.9689690              -0.5252576
         798400        0.9699700              -0.5252923
         798400        0.9709710              -0.5253258
         798400        0.9719720              -0.5253581
         798400        0.9729730              -0.5253891
         798400        0.9739740              -0.5254189
         798400        0.9749750              -0.5254476
         798400        0.9759760              -0.5254750
         798400        0.9769770              -0.5255013
         798400        0.9779780              -0.5255263
         798400        0.9789790              -0.5255503
         798400        0.9799800              -0.5255730
         798400        0.9809810              -0.5255946
         798400        0.9819820              -0.5256151
         798400        0.9829830              -0.5256344
         798400        0.9839840              -0.5256526
         798400        0.9849850              -0.5256697
         798400        0.9859860              -0.5256856
         798400        0.9869870              -0.5257005
         798400        0.9879880              -0.5257142
         798400        0.9889890              -0.5257268
         798400        0.9899900              -0.5257384
         798400        0.9909910              -0.5257489
         798400        0.9919920              -0.5257583
         798400        0.9929930              -0.5257666
         798400        0.9939940              -0.5257739
         798400        0.9949950              -0.5257801
         798400        0.9959960              -0.5257853
         798400        0.9969970              -0.5257894
         798400        0.9979980              -0.5257925
         798400        0.9989990              -0.5257945
         798400        1.0000000              -0.5257956
         898200        0.8758759              -0.5064183
         898200        0.8768769              -0.5066678
         898200        0.8778779              -0.5069143
         898200        0.8788789              -0.5071579
         898200        0.8798799              -0.5073984
         898200        0.8808809              -0.5076360
         898200        0.8818819              -0.5078708
         898200        0.8828829              -0.5081026
         898200        0.8838839              -0.5083315
         898200        0.8848849              -0.5085576
         898200        0.8858859              -0.5087809
         898200        0.8868869              -0.5090014
         898200        0.8878879              -0.5092191
         898200        0.8888889              -0.5094340
         898200        0.8898899              -0.5096461
         898200        0.8908909              -0.5098555
         898200        0.8918919              -0.5100623
         898200        0.8928929              -0.5102663
         898200        0.8938939              -0.5104676
         898200        0.8948949              -0.5106663
         898200        0.8958959              -0.5108624
         898200        0.8968969              -0.5110559
         898200        0.8978979              -0.5112467
         898200        0.8988989              -0.5114350
         898200        0.8998999              -0.5116207
         898200        0.9009009              -0.5118039
         898200        0.9019019              -0.5119846
         898200        0.9029029              -0.5121628
         898200        0.9039039              -0.5123385
         898200        0.9049049              -0.5125117
         898200        0.9059059              -0.5126824
         898200        0.9069069              -0.5128508
         898200        0.9079079              -0.5130167
         898200        0.9089089              -0.5131802
         898200        0.9099099              -0.5133414
         898200        0.9109109              -0.5135001
         898200        0.9119119              -0.5136566
         898200        0.9129129              -0.5138107
         898200        0.9139139              -0.5139625
         898200        0.9149149              -0.5141119
         898200        0.9159159              -0.5142592
         898200        0.9169169              -0.5144041
         898200        0.9179179              -0.5145468
         898200        0.9189189              -0.5146873
         898200        0.9199199              -0.5148255
         898200        0.9209209              -0.5149616
         898200        0.9219219              -0.5150954
         898200        0.9229229              -0.5152271
         898200        0.9239239              -0.5153567
         898200        0.9249249              -0.5154841
         898200        0.9259259              -0.5156093
         898200        0.9269269              -0.5157325
         898200        0.9279279              -0.5158536
         898200        0.9289289              -0.5159725
         898200        0.9299299              -0.5160895
         898200        0.9309309              -0.5162043
         898200        0.9319319              -0.5163172
         898200        0.9329329              -0.5164280
         898200        0.9339339              -0.5165368
         898200        0.9349349              -0.5166436
         898200        0.9359359              -0.5167484
         898200        0.9369369              -0.5168512
         898200        0.9379379              -0.5169521
         898200        0.9389389              -0.5170511
         898200        0.9399399              -0.5171481
         898200        0.9409409              -0.5172432
         898200        0.9419419              -0.5173365
         898200        0.9429429              -0.5174278
         898200        0.9439439              -0.5175172
         898200        0.9449449              -0.5176048
         898200        0.9459459              -0.5176905
         898200        0.9469469              -0.5177744
         898200        0.9479479              -0.5178565
         898200        0.9489489              -0.5179367
         898200        0.9499499              -0.5180152
         898200        0.9509510              -0.5180918
         898200        0.9519520              -0.5181667
         898200        0.9529530              -0.5182398
         898200        0.9539540              -0.5183112
         898200        0.9549550              -0.5183808
         898200        0.9559560              -0.5184487
         898200        0.9569570              -0.5185149
         898200        0.9579580              -0.5185793
         898200        0.9589590              -0.5186421
         898200        0.9599600              -0.5187031
         898200        0.9609610              -0.5187625
         898200        0.9619620              -0.5188202
         898200        0.9629630              -0.5188763
         898200        0.9639640              -0.5189307
         898200        0.9649650              -0.5189835
         898200        0.9659660              -0.5190347
         898200        0.9669670              -0.5190842
         898200        0.9679680              -0.5191321
         898200        0.9689690              -0.5191785
         898200        0.9699700              -0.5192232
         898200        0.9709710              -0.5192664
         898200        0.9719720              -0.5193081
         898200        0.9729730              -0.5193481
         898200        0.9739740              -0.5193866
         898200        0.9749750              -0.5194236
         898200        0.9759760              -0.5194591
         898200        0.9769770              -0.5194930
         898200        0.9779780              -0.5195255
         898200        0.9789790              -0.5195564
         898200        0.9799800              -0.5195858
         898200        0.9809810              -0.5196138
         898200        0.9819820              -0.5196403
         898200        0.9829830              -0.5196653
         898200        0.9839840              -0.5196888
         898200        0.9849850              -0.5197109
         898200        0.9859860              -0.5197316
         898200        0.9869870              -0.5197509
         898200        0.9879880              -0.5197687
         898200        0.9889890              -0.5197851
         898200        0.9899900              -0.5198001
         898200        0.9909910              -0.5198136
         898200        0.9919920              -0.5198258
         898200        0.9929930              -0.5198367
         898200        0.9939940              -0.5198461
         898200        0.9949950              -0.5198542
         898200        0.9959960              -0.5198609
         898200        0.9969970              -0.5198662
         898200        0.9979980              -0.5198702
         898200        0.9989990              -0.5198729
         898200        1.0000000              -0.5198742
         998000        0.8758759              -0.4975010
         998000        0.8768769              -0.4977783
         998000        0.8778779              -0.4980524
         998000        0.8788789              -0.4983234
         998000        0.8798799              -0.4985911
         998000        0.8808809              -0.4988558
         998000        0.8818819              -0.4991173
         998000        0.8828829              -0.4993758
         998000        0.8838839              -0.4996312
         998000        0.8848849              -0.4998835
         998000        0.8858859              -0.5001328
         998000        0.8868869              -0.5003791
         998000        0.8878879              -0.5006223
         998000        0.8888889              -0.5008627
         998000        0.8898899              -0.5011000
         998000        0.8908909              -0.5013344
         998000        0.8918919              -0.5015659
         998000        0.8928929              -0.5017945
         998000        0.8938939              -0.5020202
         998000        0.8948949              -0.5022430
         998000        0.8958959              -0.5024630
         998000        0.8968969              -0.5026802
         998000        0.8978979              -0.5028945
         998000        0.8988989              -0.5031061
         998000        0.8998999              -0.5033149
         998000        0.9009009              -0.5035209
         998000        0.9019019              -0.5037241
         998000        0.9029029              -0.5039247
         998000        0.9039039              -0.5041225
         998000        0.9049049              -0.5043177
         998000        0.9059059              -0.5045101
         998000        0.9069069              -0.5047000
         998000        0.9079079              -0.5048871
         998000        0.9089089              -0.5050717
         998000        0.9099099              -0.5052536
         998000        0.9109109              -0.5054330
         998000        0.9119119              -0.5056097
         998000        0.9129129              -0.5057839
         998000        0.9139139              -0.5059556
         998000        0.9149149              -0.5061248
         998000        0.9159159              -0.5062914
         998000        0.9169169              -0.5064555
         998000        0.9179179              -0.5066172
         998000        0.9189189              -0.5067764
         998000        0.9199199              -0.5069331
         998000        0.9209209              -0.5070874
         998000        0.9219219              -0.5072393
         998000        0.9229229              -0.5073888
         998000        0.9239239              -0.5075359
         998000        0.9249249              -0.5076806
         998000        0.9259259              -0.5078229
         998000        0.9269269              -0.5079629
         998000        0.9279279              -0.5081006
         998000        0.9289289              -0.5082360
         998000        0.9299299              -0.5083690
         998000        0.9309309              -0.5084998
         998000        0.9319319              -0.5086283
         998000        0.9329329              -0.5087546
         998000        0.9339339              -0.5088785
         998000        0.9349349              -0.5090003
         998000        0.9359359              -0.5091198
         998000        0.9369369              -0.5092372
         998000        0.9379379              -0.5093523
         998000        0.9389389              -0.5094653
         998000        0.9399399              -0.5095761
         998000        0.9409409              -0.5096847
         998000        0.9419419              -0.5097912
         998000        0.9429429              -0.5098956
         998000        0.9439439              -0.5099979
         998000        0.9449449              -0.5100980
         998000        0.9459459              -0.5101961
         998000        0.9469469              -0.5102921
         998000        0.9479479              -0.5103861
         998000        0.9489489              -0.5104780
         998000        0.9499499              -0.5105678
         998000        0.9509510              -0.5106556
         998000        0.9519520              -0.5107414
         998000        0.9529530              -0.5108252
         998000        0.9539540              -0.5109071
         998000        0.9549550              -0.5109869
         998000        0.9559560              -0.5110648
         998000        0.9569570              -0.5111407
         998000        0.9579580              -0.5112147
         998000        0.9589590              -0.5112867
         998000        0.9599600              -0.5113568
         998000        0.9609610              -0.5114250
         998000        0.9619620              -0.5114913
         998000        0.9629630              -0.5115558
         998000        0.9639640              -0.5116183
         998000        0.9649650              -0.5116790
         998000        0.9659660              -0.5117378
         998000        0.9669670              -0.5117948
         998000        0.9679680              -0.5118499
         998000        0.9689690              -0.5119033
         998000        0.9699700              -0.5119548
         998000        0.9709710              -0.5120045
         998000        0.9719720              -0.5120524
         998000        0.9729730              -0.5120985
         998000        0.9739740              -0.5121429
         998000        0.9749750              -0.5121855
         998000        0.9759760              -0.5122263
         998000        0.9769770              -0.5122654
         998000        0.9779780              -0.5123028
         998000        0.9789790              -0.5123384
         998000        0.9799800              -0.5123724
         998000        0.9809810              -0.5124046
         998000        0.9819820              -0.5124351
         998000        0.9829830              -0.5124640
         998000        0.9839840              -0.5124911
         998000        0.9849850              -0.5125166
         998000        0.9859860              -0.5125405
         998000        0.9869870              -0.5125627
         998000        0.9879880              -0.5125832
         998000        0.9889890              -0.5126021
         998000        0.9899900              -0.5126194
         998000        0.9909910              -0.5126351
         998000        0.9919920              -0.5126492
         998000        0.9929930              -0.5126617
         998000        0.9939940              -0.5126726
         998000        0.9949950              -0.5126819
         998000        0.9959960              -0.5126896
         998000        0.9969970              -0.5126958
         998000        0.9979980              -0.5127004
         998000        0.9989990              -0.5127035
         998000        1.0000000              -0.5127050
