              2        0.3323323               0.8691530
              2        0.3333333               0.8660254
              2        0.3343343               0.8628636
              2        0.3353353               0.8596676
              2        0.3363363               0.8564376
              2        0.3373373               0.8531737
              2        0.3383383               0.8498761
              2        0.3393393               0.8465449
              2        0.3403403               0.8431802
              2        0.3413413               0.8397821
              2        0.3423423               0.8363508
              2        0.3433433               0.8328864
              2        0.3443443               0.8293891
              2        0.3453453               0.8258590
              2        0.3463463               0.8222962
              2        0.3473473               0.8187009
              2        0.3483483               0.8150731
              2        0.3493493               0.8114132
              2        0.3503504               0.8077211
              2        0.3513514               0.8039971
              2        0.3523524               0.8002413
              2        0.3533534               0.7964539
              2        0.3543544               0.7926349
              2        0.3553554               0.7887846
              2        0.3563564               0.7849030
              2        0.3573574               0.7809905
              2        0.3583584               0.7770470
              2        0.3593594               0.7730728
              2        0.3603604               0.7690680
              2        0.3613614               0.7650328
              2        0.3623624               0.7609673
              2        0.3633634               0.7568718
              2        0.3643644               0.7527462
              2        0.3653654               0.7485909
              2        0.3663664               0.7444060
              2        0.3673674               0.7401917
              2        0.3683684               0.7359481
              2        0.3693694               0.7316753
              2        0.3703704               0.7273736
              2        0.3713714               0.7230432
              2        0.3723724               0.7186841
              2        0.3733734               0.7142966
              2        0.3743744               0.7098809
              2        0.3753754               0.7054371
              2        0.3763764               0.7009653
              2        0.3773774               0.6964659
              2        0.3783784               0.6919389
              2        0.3793794               0.6873845
              2        0.3803804               0.6828029
              2        0.3813814               0.6781943
              2        0.3823824               0.6735589
              2        0.3833834               0.6688969
              2        0.3843844               0.6642084
              2        0.3853854               0.6594936
              2        0.3863864               0.6547527
              2        0.3873874               0.6499859
              2        0.3883884               0.6451934
              2        0.3893894               0.6403754
              2        0.3903904               0.6355321
              2        0.3913914               0.6306636
              2        0.3923924               0.6257702
              2        0.3933934               0.6208520
              2        0.3943944               0.6159093
              2        0.3953954               0.6109421
              2        0.3963964               0.6059509
              2        0.3973974               0.6009356
              2        0.3983984               0.5958966
              2        0.3993994               0.5908340
              2        0.4004004               0.5857481
              2        0.4014014               0.5806389
              2        0.4024024               0.5755069
              2        0.4034034               0.5703520
              2        0.4044044               0.5651746
              2        0.4054054               0.5599748
              2        0.4064064               0.5547529
              2        0.4074074               0.5495090
              2        0.4084084               0.5442434
              2        0.4094094               0.5389562
              2        0.4104104               0.5336478
              2        0.4114114               0.5283182
              2        0.4124124               0.5229677
              2        0.4134134               0.5175966
              2        0.4144144               0.5122049
              2        0.4154154               0.5067930
              2        0.4164164               0.5013611
              2        0.4174174               0.4959093
              2        0.4184184               0.4904379
              2        0.4194194               0.4849471
              2        0.4204204               0.4794372
              2        0.4214214               0.4739082
              2        0.4224224               0.4683605
              2        0.4234234               0.4627943
              2        0.4244244               0.4572098
              2        0.4254254               0.4516072
              2        0.4264264               0.4459867
              2        0.4274274               0.4403486
              2        0.4284284               0.4346931
              2        0.4294294               0.4290204
              2        0.4304304               0.4233307
              2        0.4314314               0.4176242
              2        0.4324324               0.4119012
              2        0.4334334               0.4061620
              2        0.4344344               0.4004067
              2        0.4354354               0.3946355
              2        0.4364364               0.3888487
              2        0.4374374               0.3830466
              2        0.4384384               0.3772293
              2        0.4394394               0.3713970
              2        0.4404404               0.3655501
              2        0.4414414               0.3596887
              2        0.4424424               0.3538131
              2        0.4434434               0.3479235
              2        0.4444444               0.3420201
              2        0.4454454               0.3361032
              2        0.4464464               0.3301731
              2        0.4474474               0.3242298
              2        0.4484484               0.3182737
              2        0.4494494               0.3123050
              2        0.4504505               0.3063240
              2        0.4514515               0.3003309
              2        0.4524525               0.2943259
              2        0.4534535               0.2883092
              2        0.4544545               0.2822811
              2        0.4554555               0.2762419
              2        0.4564565               0.2701917
              2        0.4574575               0.2641309
              2        0.4584585               0.2580596
              2        0.4594595               0.2519781
              2        0.4604605               0.2458866
              2        0.4614615               0.2397854
              2        0.4624625               0.2336747
              2        0.4634635               0.2275548
              2        0.4644645               0.2214258
              2        0.4654655               0.2152881
              2        0.4664665               0.2091419
              2        0.4674675               0.2029875
              2        0.4684685               0.1968249
              2        0.4694695               0.1906546
              2        0.4704705               0.1844768
              2        0.4714715               0.1782917
              2        0.4724725               0.1720995
              2        0.4734735               0.1659005
              2        0.4744745               0.1596949
              2        0.4754755               0.1534831
              2        0.4764765               0.1472651
              2        0.4774775               0.1410413
              2        0.4784785               0.1348120
              2        0.4794795               0.1285773
              2        0.4804805               0.1223375
              2        0.4814815               0.1160929
              2        0.4824825               0.1098437
              2        0.4834835               0.1035902
              2        0.4844845               0.0973325
              2        0.4854855               0.0910710
              2        0.4864865               0.0848059
              2        0.4874875               0.0785375
              2        0.4884885               0.0722659
              2        0.4894895               0.0659915
              2        0.4904905               0.0597145
              2        0.4914915               0.0534351
              2        0.4924925               0.0471536
              2        0.4934935               0.0408702
              2        0.4944945               0.0345852
              2        0.4954955               0.0282989
              2        0.4964965               0.0220114
              2        0.4974975               0.0157230
          99800        0.3323323               0.7152973
          99800        0.3333333               0.7143398
          99800        0.3343343               0.7133390
          99800        0.3353353               0.7122948
          99800        0.3363363               0.7112070
          99800        0.3373373               0.7100755
          99800        0.3383383               0.7089002
          99800        0.3393393               0.7076810
          99800        0.3403403               0.7064179
          99800        0.3413413               0.7051107
          99800        0.3423423               0.7037593
          99800        0.3433433               0.7023636
          99800        0.3443443               0.7009236
          99800        0.3453453               0.6994391
          99800        0.3463463               0.6979101
          99800        0.3473473               0.6963366
          99800        0.3483483               0.6947183
          99800        0.3493493               0.6930553
          99800        0.3503504               0.6913476
          99800        0.3513514               0.6895949
          99800        0.3523524               0.6877973
          99800        0.3533534               0.6859548
          99800        0.3543544               0.6840671
          99800        0.3553554               0.6821344
          99800        0.3563564               0.6801566
          99800        0.3573574               0.6781335
          99800        0.3583584               0.6760653
          99800        0.3593594               0.6739517
          99800        0.3603604               0.6717929
          99800        0.3613614               0.6695888
          99800        0.3623624               0.6673393
          99800        0.3633634               0.6650445
          99800        0.3643644               0.6627043
          99800        0.3653654               0.6603187
          99800        0.3663664               0.6578877
          99800        0.3673674               0.6554114
          99800        0.3683684               0.6528897
          99800        0.3693694               0.6503226
          99800        0.3703704               0.6477102
          99800        0.3713714               0.6450525
          99800        0.3723724               0.6423495
          99800        0.3733734               0.6396012
          99800        0.3743744               0.6368078
          99800        0.3753754               0.6339691
          99800        0.3763764               0.6310854
          99800        0.3773774               0.6281565
          99800        0.3783784               0.6251827
          99800        0.3793794               0.6221639
          99800        0.3803804               0.6191003
          99800        0.3813814               0.6159918
          99800        0.3823824               0.6128387
          99800        0.3833834               0.6096410
          99800        0.3843844               0.6063987
          99800        0.3853854               0.6031120
          99800        0.3863864               0.5997810
          99800        0.3873874               0.5964058
          99800        0.3883884               0.5929866
          99800        0.3893894               0.5895233
          99800        0.3903904               0.5860162
          99800        0.3913914               0.5824655
          99800        0.3923924               0.5788711
          99800        0.3933934               0.5752333
          99800        0.3943944               0.5715523
          99800        0.3953954               0.5678282
          99800        0.3963964               0.5640611
          99800        0.3973974               0.5602512
          99800        0.3983984               0.5563987
          99800        0.3993994               0.5525037
          99800        0.4004004               0.5485665
          99800        0.4014014               0.5445873
          99800        0.4024024               0.5405661
          99800        0.4034034               0.5365033
          99800        0.4044044               0.5323990
          99800        0.4054054               0.5282534
          99800        0.4064064               0.5240668
          99800        0.4074074               0.5198393
          99800        0.4084084               0.5155713
          99800        0.4094094               0.5112629
          99800        0.4104104               0.5069143
          99800        0.4114114               0.5025258
          99800        0.4124124               0.4980977
          99800        0.4134134               0.4936302
          99800        0.4144144               0.4891235
          99800        0.4154154               0.4845780
          99800        0.4164164               0.4799939
          99800        0.4174174               0.4753714
          99800        0.4184184               0.4707108
          99800        0.4194194               0.4660125
          99800        0.4204204               0.4612767
          99800        0.4214214               0.4565037
          99800        0.4224224               0.4516938
          99800        0.4234234               0.4468473
          99800        0.4244244               0.4419645
          99800        0.4254254               0.4370457
          99800        0.4264264               0.4320913
          99800        0.4274274               0.4271016
          99800        0.4284284               0.4220769
          99800        0.4294294               0.4170175
          99800        0.4304304               0.4119238
          99800        0.4314314               0.4067961
          99800        0.4324324               0.4016348
          99800        0.4334334               0.3964402
          99800        0.4344344               0.3912127
          99800        0.4354354               0.3859526
          99800        0.4364364               0.3806604
          99800        0.4374374               0.3753363
          99800        0.4384384               0.3699808
          99800        0.4394394               0.3645942
          99800        0.4404404               0.3591770
          99800        0.4414414               0.3537295
          99800        0.4424424               0.3482521
          99800        0.4434434               0.3427453
          99800        0.4444444               0.3372093
          99800        0.4454454               0.3316447
          99800        0.4464464               0.3260518
          99800        0.4474474               0.3204311
          99800        0.4484484               0.3147830
          99800        0.4494494               0.3091079
          99800        0.4504505               0.3034062
          99800        0.4514515               0.2976784
          99800        0.4524525               0.2919249
          99800        0.4534535               0.2861462
          99800        0.4544545               0.2803426
          99800        0.4554555               0.2745147
          99800        0.4564565               0.2686629
          99800        0.4574575               0.2627877
          99800        0.4584585               0.2568894
          99800        0.4594595               0.2509686
          99800        0.4604605               0.2450258
          99800        0.4614615               0.2390614
          99800        0.4624625               0.2330759
          99800        0.4634635               0.2270697
          99800        0.4644645               0.2210434
          99800        0.4654655               0.2149974
          99800        0.4664665               0.2089322
          99800        0.4674675               0.2028483
          99800        0.4684685               0.1967463
          99800        0.4694695               0.1906265
          99800        0.4704705               0.1844895
          99800        0.4714715               0.1783357
          99800        0.4724725               0.1721658
          99800        0.4734735               0.1659802
          99800        0.4744745               0.1597793
          99800        0.4754755               0.1535638
          99800        0.4764765               0.1473340
          99800        0.4774775               0.1410906
          99800        0.4784785               0.1348340
          99800        0.4794795               0.1285648
          99800        0.4804805               0.1222834
          99800        0.4814815               0.1159904
          99800        0.4824825               0.1096863
          99800        0.4834835               0.1033716
          99800        0.4844845               0.0970468
          99800        0.4854855               0.0907124
          99800        0.4864865               0.0843690
          99800        0.4874875               0.0780171
          99800        0.4884885               0.0716571
          99800        0.4894895               0.0652897
          99800        0.4904905               0.0589152
          99800        0.4914915               0.0525343
          99800        0.4924925               0.0461475
          99800        0.4934935               0.0397552
          99800        0.4944945               0.0333580
          99800        0.4954955               0.0269564
          99800        0.4964965               0.0205509
          99800        0.4974975               0.0141421
         199600        0.3323323               0.5691750
         199600        0.3333333               0.5682880
         199600        0.3343343               0.5673727
         199600        0.3353353               0.5664290
         199600        0.3363363               0.5654567
         199600        0.3373373               0.5644557
         199600        0.3383383               0.5634256
         199600        0.3393393               0.5623664
         199600        0.3403403               0.5612778
         199600        0.3413413               0.5601596
         199600        0.3423423               0.5590117
         199600        0.3433433               0.5578339
         199600        0.3443443               0.5566259
         199600        0.3453453               0.5553876
         199600        0.3463463               0.5541189
         199600        0.3473473               0.5528195
         199600        0.3483483               0.5514892
         199600        0.3493493               0.5501280
         199600        0.3503504               0.5487355
         199600        0.3513514               0.5473118
         199600        0.3523524               0.5458565
         199600        0.3533534               0.5443696
         199600        0.3543544               0.5428508
         199600        0.3553554               0.5413001
         199600        0.3563564               0.5397172
         199600        0.3573574               0.5381020
         199600        0.3583584               0.5364544
         199600        0.3593594               0.5347742
         199600        0.3603604               0.5330613
         199600        0.3613614               0.5313155
         199600        0.3623624               0.5295367
         199600        0.3633634               0.5277247
         199600        0.3643644               0.5258795
         199600        0.3653654               0.5240009
         199600        0.3663664               0.5220888
         199600        0.3673674               0.5201430
         199600        0.3683684               0.5181634
         199600        0.3693694               0.5161500
         199600        0.3703704               0.5141026
         199600        0.3713714               0.5120211
         199600        0.3723724               0.5099053
         199600        0.3733734               0.5077553
         199600        0.3743744               0.5055709
         199600        0.3753754               0.5033520
         199600        0.3763764               0.5010985
         199600        0.3773774               0.4988104
         199600        0.3783784               0.4964875
         199600        0.3793794               0.4941298
         199600        0.3803804               0.4917372
         199600        0.3813814               0.4893097
         199600        0.3823824               0.4868471
         199600        0.3833834               0.4843495
         199600        0.3843844               0.4818168
         199600        0.3853854               0.4792489
         199600        0.3863864               0.4766458
         199600        0.3873874               0.4740074
         199600        0.3883884               0.4713338
         199600        0.3893894               0.4686248
         199600        0.3903904               0.4658805
         199600        0.3913914               0.4631009
         199600        0.3923924               0.4602859
         199600        0.3933934               0.4574355
         199600        0.3943944               0.4545498
         199600        0.3953954               0.4516287
         199600        0.3963964               0.4486722
         199600        0.3973974               0.4456804
         199600        0.3983984               0.4426532
         199600        0.3993994               0.4395908
         199600        0.4004004               0.4364931
         199600        0.4014014               0.4333601
         199600        0.4024024               0.4301920
         199600        0.4034034               0.4269887
         199600        0.4044044               0.4237504
         199600        0.4054054               0.4204770
         199600        0.4064064               0.4171686
         199600        0.4074074               0.4138254
         199600        0.4084084               0.4104473
         199600        0.4094094               0.4070345
         199600        0.4104104               0.4035871
         199600        0.4114114               0.4001051
         199600        0.4124124               0.3965887
         199600        0.4134134               0.3930380
         199600        0.4144144               0.3894530
         199600        0.4154154               0.3858339
         199600        0.4164164               0.3821809
         199600        0.4174174               0.3784940
         199600        0.4184184               0.3747734
         199600        0.4194194               0.3710192
         199600        0.4204204               0.3672317
         199600        0.4214214               0.3634109
         199600        0.4224224               0.3595570
         199600        0.4234234               0.3556702
         199600        0.4244244               0.3517507
         199600        0.4254254               0.3477986
         199600        0.4264264               0.3438141
         199600        0.4274274               0.3397975
         199600        0.4284284               0.3357489
         199600        0.4294294               0.3316686
         199600        0.4304304               0.3275567
         199600        0.4314314               0.3234136
         199600        0.4324324               0.3192393
         199600        0.4334334               0.3150342
         199600        0.4344344               0.3107984
         199600        0.4354354               0.3065324
         199600        0.4364364               0.3022362
         199600        0.4374374               0.2979101
         199600        0.4384384               0.2935545
         199600        0.4394394               0.2891696
         199600        0.4404404               0.2847556
         199600        0.4414414               0.2803129
         199600        0.4424424               0.2758418
         199600        0.4434434               0.2713425
         199600        0.4444444               0.2668153
         199600        0.4454454               0.2622607
         199600        0.4464464               0.2576788
         199600        0.4474474               0.2530700
         199600        0.4484484               0.2484347
         199600        0.4494494               0.2437731
         199600        0.4504505               0.2390857
         199600        0.4514515               0.2343727
         199600        0.4524525               0.2296345
         199600        0.4534535               0.2248716
         199600        0.4544545               0.2200841
         199600        0.4554555               0.2152726
         199600        0.4564565               0.2104374
         199600        0.4574575               0.2055788
         199600        0.4584585               0.2006973
         199600        0.4594595               0.1957933
         199600        0.4604605               0.1908672
         199600        0.4614615               0.1859192
         199600        0.4624625               0.1809500
         199600        0.4634635               0.1759599
         199600        0.4644645               0.1709492
         199600        0.4654655               0.1659185
         199600        0.4664665               0.1608681
         199600        0.4674675               0.1557986
         199600        0.4684685               0.1507102
         199600        0.4694695               0.1456036
         199600        0.4704705               0.1404790
         199600        0.4714715               0.1353370
         199600        0.4724725               0.1301781
         199600        0.4734735               0.1250026
         199600        0.4744745               0.1198110
         199600        0.4754755               0.1146039
         199600        0.4764765               0.1093816
         199600        0.4774775               0.1041446
         199600        0.4784785               0.0988935
         199600        0.4794795               0.0936286
         199600        0.4804805               0.0883505
         199600        0.4814815               0.0830597
         199600        0.4824825               0.0777566
         199600        0.4834835               0.0724416
         199600        0.4844845               0.0671154
         199600        0.4854855               0.0617784
         199600        0.4864865               0.0564310
         199600        0.4874875               0.0510738
         199600        0.4884885               0.0457072
         199600        0.4894895               0.0403318
         199600        0.4904905               0.0349481
         199600        0.4914915               0.0295565
         199600        0.4924925               0.0241575
         199600        0.4934935               0.0187517
         199600        0.4944945               0.0133396
         199600        0.4954955               0.0079216
         199600        0.4964965               0.0024983
         199600        0.4974975              -0.0029298
         299400        0.3323323               0.4766248
         299400        0.3333333               0.4754493
         299400        0.3343343               0.4742530
         299400        0.3353353               0.4730358
         299400        0.3363363               0.4717975
         299400        0.3373373               0.4705381
         299400        0.3383383               0.4692574
         299400        0.3393393               0.4679553
         299400        0.3403403               0.4666316
         299400        0.3413413               0.4652863
         299400        0.3423423               0.4639191
         299400        0.3433433               0.4625301
         299400        0.3443443               0.4611190
         299400        0.3453453               0.4596857
         299400        0.3463463               0.4582302
         299400        0.3473473               0.4567523
         299400        0.3483483               0.4552519
         299400        0.3493493               0.4537288
         299400        0.3503504               0.4521831
         299400        0.3513514               0.4506145
         299400        0.3523524               0.4490229
         299400        0.3533534               0.4474083
         299400        0.3543544               0.4457705
         299400        0.3553554               0.4441095
         299400        0.3563564               0.4424251
         299400        0.3573574               0.4407172
         299400        0.3583584               0.4389858
         299400        0.3593594               0.4372308
         299400        0.3603604               0.4354520
         299400        0.3613614               0.4336493
         299400        0.3623624               0.4318228
         299400        0.3633634               0.4299723
         299400        0.3643644               0.4280976
         299400        0.3653654               0.4261988
         299400        0.3663664               0.4242758
         299400        0.3673674               0.4223285
         299400        0.3683684               0.4203567
         299400        0.3693694               0.4183605
         299400        0.3703704               0.4163398
         299400        0.3713714               0.4142944
         299400        0.3723724               0.4122244
         299400        0.3733734               0.4101297
         299400        0.3743744               0.4080103
         299400        0.3753754               0.4058660
         299400        0.3763764               0.4036968
         299400        0.3773774               0.4015027
         299400        0.3783784               0.3992836
         299400        0.3793794               0.3970395
         299400        0.3803804               0.3947703
         299400        0.3813814               0.3924761
         299400        0.3823824               0.3901568
         299400        0.3833834               0.3878123
         299400        0.3843844               0.3854426
         299400        0.3853854               0.3830477
         299400        0.3863864               0.3806276
         299400        0.3873874               0.3781823
         299400        0.3883884               0.3757118
         299400        0.3893894               0.3732159
         299400        0.3903904               0.3706949
         299400        0.3913914               0.3681485
         299400        0.3923924               0.3655770
         299400        0.3933934               0.3629801
         299400        0.3943944               0.3603581
         299400        0.3953954               0.3577108
         299400        0.3963964               0.3550383
         299400        0.3973974               0.3523406
         299400        0.3983984               0.3496177
         299400        0.3993994               0.3468697
         299400        0.4004004               0.3440966
         299400        0.4014014               0.3412985
         299400        0.4024024               0.3384753
         299400        0.4034034               0.3356272
         299400        0.4044044               0.3327541
         299400        0.4054054               0.3298562
         299400        0.4064064               0.3269334
         299400        0.4074074               0.3239859
         299400        0.4084084               0.3210137
         299400        0.4094094               0.3180169
         299400        0.4104104               0.3149955
         299400        0.4114114               0.3119497
         299400        0.4124124               0.3088795
         299400        0.4134134               0.3057850
         299400        0.4144144               0.3026663
         299400        0.4154154               0.2995236
         299400        0.4164164               0.2963568
         299400        0.4174174               0.2931661
         299400        0.4184184               0.2899516
         299400        0.4194194               0.2867134
         299400        0.4204204               0.2834517
         299400        0.4214214               0.2801666
         299400        0.4224224               0.2768582
         299400        0.4234234               0.2735265
         299400        0.4244244               0.2701719
         299400        0.4254254               0.2667943
         299400        0.4264264               0.2633940
         299400        0.4274274               0.2599711
         299400        0.4284284               0.2565257
         299400        0.4294294               0.2530581
         299400        0.4304304               0.2495683
         299400        0.4314314               0.2460566
         299400        0.4324324               0.2425231
         299400        0.4334334               0.2389680
         299400        0.4344344               0.2353914
         299400        0.4354354               0.2317936
         299400        0.4364364               0.2281748
         299400        0.4374374               0.2245351
         299400        0.4384384               0.2208747
         299400        0.4394394               0.2171939
         299400        0.4404404               0.2134928
         299400        0.4414414               0.2097717
         299400        0.4424424               0.2060308
         299400        0.4434434               0.2022702
         299400        0.4444444               0.1984903
         299400        0.4454454               0.1946913
         299400        0.4464464               0.1908733
         299400        0.4474474               0.1870367
         299400        0.4484484               0.1831816
         299400        0.4494494               0.1793084
         299400        0.4504505               0.1754172
         299400        0.4514515               0.1715083
         299400        0.4524525               0.1675820
         299400        0.4534535               0.1636385
         299400        0.4544545               0.1596782
         299400        0.4554555               0.1557012
         299400        0.4564565               0.1517079
         299400        0.4574575               0.1476985
         299400        0.4584585               0.1436733
         299400        0.4594595               0.1396325
         299400        0.4604605               0.1355766
         299400        0.4614615               0.1315057
         299400        0.4624625               0.1274202
         299400        0.4634635               0.1233204
         299400        0.4644645               0.1192065
         299400        0.4654655               0.1150789
         299400        0.4664665               0.1109379
         299400        0.4674675               0.1067837
         299400        0.4684685               0.1026168
         299400        0.4694695               0.0984373
         299400        0.4704705               0.0942457
         299400        0.4714715               0.0900423
         299400        0.4724725               0.0858274
         299400        0.4734735               0.0816012
         299400        0.4744745               0.0773642
         299400        0.4754755               0.0731167
         299400        0.4764765               0.0688589
         299400        0.4774775               0.0645913
         299400        0.4784785               0.0603142
         299400        0.4794795               0.0560279
         299400        0.4804805               0.0517328
         299400        0.4814815               0.0474292
         299400        0.4824825               0.0431174
         299400        0.4834835               0.0387978
         299400        0.4844845               0.0344708
         299400        0.4854855               0.0301367
         299400        0.4864865               0.0257958
         299400        0.4874875               0.0214485
         299400        0.4884885               0.0170952
         299400        0.4894895               0.0127363
         299400        0.4904905               0.0083720
         299400        0.4914915               0.0040027
         299400        0.4924925              -0.0003712
         299400        0.4934935              -0.0047493
         299400        0.4944945              -0.0091312
         299400        0.4954955              -0.0135167
         299400        0.4964965              -0.0179053
         299400        0.4974975              -0.0222967
         399200        0.3323323               0.4140036
         399200        0.3333333               0.4126209
         399200        0.3343343               0.4112218
         399200        0.3353353               0.4098063
         399200        0.3363363               0.4083744
         399200        0.3373373               0.4069258
         399200        0.3383383               0.4054607
         399200        0.3393393               0.4039789
         399200        0.3403403               0.4024803
         399200        0.3413413               0.4009649
         399200        0.3423423               0.3994325
         399200        0.3433433               0.3978833
         399200        0.3443443               0.3963170
         399200        0.3453453               0.3947337
         399200        0.3463463               0.3931331
         399200        0.3473473               0.3915154
         399200        0.3483483               0.3898805
         399200        0.3493493               0.3882282
         399200        0.3503504               0.3865586
         399200        0.3513514               0.3848715
         399200        0.3523524               0.3831669
         399200        0.3533534               0.3814448
         399200        0.3543544               0.3797052
         399200        0.3553554               0.3779479
         399200        0.3563564               0.3761729
         399200        0.3573574               0.3743803
         399200        0.3583584               0.3725698
         399200        0.3593594               0.3707416
         399200        0.3603604               0.3688955
         399200        0.3613614               0.3670315
         399200        0.3623624               0.3651496
         399200        0.3633634               0.3632498
         399200        0.3643644               0.3613320
         399200        0.3653654               0.3593961
         399200        0.3663664               0.3574422
         399200        0.3673674               0.3554702
         399200        0.3683684               0.3534801
         399200        0.3693694               0.3514719
         399200        0.3703704               0.3494456
         399200        0.3713714               0.3474011
         399200        0.3723724               0.3453383
         399200        0.3733734               0.3432574
         399200        0.3743744               0.3411583
         399200        0.3753754               0.3390409
         399200        0.3763764               0.3369053
         399200        0.3773774               0.3347514
         399200        0.3783784               0.3325793
         399200        0.3793794               0.3303889
         399200        0.3803804               0.3281803
         399200        0.3813814               0.3259534
         399200        0.3823824               0.3237082
         399200        0.3833834               0.3214448
         399200        0.3843844               0.3191632
         399200        0.3853854               0.3168633
         399200        0.3863864               0.3145452
         399200        0.3873874               0.3122088
         399200        0.3883884               0.3098543
         399200        0.3893894               0.3074817
         399200        0.3903904               0.3050908
         399200        0.3913914               0.3026819
         399200        0.3923924               0.3002549
         399200        0.3933934               0.2978098
         399200        0.3943944               0.2953466
         399200        0.3953954               0.2928655
         399200        0.3963964               0.2903664
         399200        0.3973974               0.2878494
         399200        0.3983984               0.2853146
         399200        0.3993994               0.2827619
         399200        0.4004004               0.2801914
         399200        0.4014014               0.2776032
         399200        0.4024024               0.2749973
         399200        0.4034034               0.2723738
         399200        0.4044044               0.2697327
         399200        0.4054054               0.2670742
         399200        0.4064064               0.2643982
         399200        0.4074074               0.2617048
         399200        0.4084084               0.2589942
         399200        0.4094094               0.2562664
         399200        0.4104104               0.2535214
         399200        0.4114114               0.2507593
         399200        0.4124124               0.2479803
         399200        0.4134134               0.2451844
         399200        0.4144144               0.2423716
         399200        0.4154154               0.2395422
         399200        0.4164164               0.2366961
         399200        0.4174174               0.2338335
         399200        0.4184184               0.2309545
         399200        0.4194194               0.2280592
         399200        0.4204204               0.2251476
         399200        0.4214214               0.2222199
         399200        0.4224224               0.2192763
         399200        0.4234234               0.2163167
         399200        0.4244244               0.2133414
         399200        0.4254254               0.2103504
         399200        0.4264264               0.2073439
         399200        0.4274274               0.2043220
         399200        0.4284284               0.2012848
         399200        0.4294294               0.1982325
         399200        0.4304304               0.1951652
         399200        0.4314314               0.1920830
         399200        0.4324324               0.1889861
         399200        0.4334334               0.1858745
         399200        0.4344344               0.1827486
         399200        0.4354354               0.1796083
         399200        0.4364364               0.1764539
         399200        0.4374374               0.1732855
         399200        0.4384384               0.1701032
         399200        0.4394394               0.1669073
         399200        0.4404404               0.1636978
         399200        0.4414414               0.1604750
         399200        0.4424424               0.1572390
         399200        0.4434434               0.1539899
         399200        0.4444444               0.1507280
         399200        0.4454454               0.1474535
         399200        0.4464464               0.1441664
         399200        0.4474474               0.1408670
         399200        0.4484484               0.1375555
         399200        0.4494494               0.1342320
         399200        0.4504505               0.1308968
         399200        0.4514515               0.1275500
         399200        0.4524525               0.1241917
         399200        0.4534535               0.1208223
         399200        0.4544545               0.1174419
         399200        0.4554555               0.1140507
         399200        0.4564565               0.1106489
         399200        0.4574575               0.1072367
         399200        0.4584585               0.1038143
         399200        0.4594595               0.1003819
         399200        0.4604605               0.0969397
         399200        0.4614615               0.0934880
         399200        0.4624625               0.0900269
         399200        0.4634635               0.0865567
         399200        0.4644645               0.0830775
         399200        0.4654655               0.0795897
         399200        0.4664665               0.0760933
         399200        0.4674675               0.0725887
         399200        0.4684685               0.0690761
         399200        0.4694695               0.0655556
         399200        0.4704705               0.0620275
         399200        0.4714715               0.0584921
         399200        0.4724725               0.0549496
         399200        0.4734735               0.0514001
         399200        0.4744745               0.0478440
         399200        0.4754755               0.0442814
         399200        0.4764765               0.0407127
         399200        0.4774775               0.0371380
         399200        0.4784785               0.0335575
         399200        0.4794795               0.0299716
         399200        0.4804805               0.0263804
         399200        0.4814815               0.0227843
         399200        0.4824825               0.0191833
         399200        0.4834835               0.0155779
         399200        0.4844845               0.0119681
         399200        0.4854855               0.0083544
         399200        0.4864865               0.0047368
         399200        0.4874875               0.0011157
         399200        0.4884885              -0.0025087
         399200        0.4894895              -0.0061361
         399200        0.4904905              -0.0097663
         399200        0.4914915              -0.0133991
         399200        0.4924925              -0.0170341
         399200        0.4934935              -0.0206713
         399200        0.4944945              -0.0243101
         399200        0.4954955              -0.0279506
         399200        0.4964965              -0.0315923
         399200        0.4974975              -0.0352350
         499000        0.3323323               0.3690945
         499000        0.3333333               0.3676051
         499000        0.3343343               0.3661022
         499000        0.3353353               0.3645860
         499000        0.3363363               0.3630564
         499000        0.3373373               0.3615134
         499000        0.3383383               0.3599569
         499000        0.3393393               0.3583870
         499000        0.3403403               0.3568036
         499000        0.3413413               0.3552067
         499000        0.3423423               0.3535963
         499000        0.3433433               0.3519722
         499000        0.3443443               0.3503346
         499000        0.3453453               0.3486833
         499000        0.3463463               0.3470184
         499000        0.3473473               0.3453398
         499000        0.3483483               0.3436475
         499000        0.3493493               0.3419415
         499000        0.3503504               0.3402217
         499000        0.3513514               0.3384881
         499000        0.3523524               0.3367407
         499000        0.3533534               0.3349796
         499000        0.3543544               0.3332045
         499000        0.3553554               0.3314157
         499000        0.3563564               0.3296129
         499000        0.3573574               0.3277963
         499000        0.3583584               0.3259658
         499000        0.3593594               0.3241214
         499000        0.3603604               0.3222631
         499000        0.3613614               0.3203908
         499000        0.3623624               0.3185046
         499000        0.3633634               0.3166045
         499000        0.3643644               0.3146904
         499000        0.3653654               0.3127624
         499000        0.3663664               0.3108205
         499000        0.3673674               0.3088646
         499000        0.3683684               0.3068947
         499000        0.3693694               0.3049109
         499000        0.3703704               0.3029132
         499000        0.3713714               0.3009016
         499000        0.3723724               0.2988760
         499000        0.3733734               0.2968365
         499000        0.3743744               0.2947831
         499000        0.3753754               0.2927159
         499000        0.3763764               0.2906347
         499000        0.3773774               0.2885397
         499000        0.3783784               0.2864309
         499000        0.3793794               0.2843082
         499000        0.3803804               0.2821718
         499000        0.3813814               0.2800215
         499000        0.3823824               0.2778575
         499000        0.3833834               0.2756798
         499000        0.3843844               0.2734884
         499000        0.3853854               0.2712833
         499000        0.3863864               0.2690645
         499000        0.3873874               0.2668322
         499000        0.3883884               0.2645863
         499000        0.3893894               0.2623268
         499000        0.3903904               0.2600538
         499000        0.3913914               0.2577674
         499000        0.3923924               0.2554676
         499000        0.3933934               0.2531544
         499000        0.3943944               0.2508278
         499000        0.3953954               0.2484880
         499000        0.3963964               0.2461349
         499000        0.3973974               0.2437686
         499000        0.3983984               0.2413892
         499000        0.3993994               0.2389968
         499000        0.4004004               0.2365913
         499000        0.4014014               0.2341728
         499000        0.4024024               0.2317414
         499000        0.4034034               0.2292972
         499000        0.4044044               0.2268402
         499000        0.4054054               0.2243705
         499000        0.4064064               0.2218881
         499000        0.4074074               0.2193932
         499000        0.4084084               0.2168857
         499000        0.4094094               0.2143658
         499000        0.4104104               0.2118336
         499000        0.4114114               0.2092890
         499000        0.4124124               0.2067322
         499000        0.4134134               0.2041633
         499000        0.4144144               0.2015824
         499000        0.4154154               0.1989895
         499000        0.4164164               0.1963847
         499000        0.4174174               0.1937681
         499000        0.4184184               0.1911398
         499000        0.4194194               0.1885000
         499000        0.4204204               0.1858485
         499000        0.4214214               0.1831857
         499000        0.4224224               0.1805115
         499000        0.4234234               0.1778262
         499000        0.4244244               0.1751296
         499000        0.4254254               0.1724221
         499000        0.4264264               0.1697036
         499000        0.4274274               0.1669743
         499000        0.4284284               0.1642343
         499000        0.4294294               0.1614837
         499000        0.4304304               0.1587226
         499000        0.4314314               0.1559512
         499000        0.4324324               0.1531694
         499000        0.4334334               0.1503775
         499000        0.4344344               0.1475756
         499000        0.4354354               0.1447638
         499000        0.4364364               0.1419422
         499000        0.4374374               0.1391109
