              6        0.7507508              -0.9999889
              6        0.7517518              -0.9999394
              6        0.7527528              -0.9998504
              6        0.7537538              -0.9997219
              6        0.7547548              -0.9995538
              6        0.7557558              -0.9993461
              6        0.7567568              -0.9990990
              6        0.7577578              -0.9988123
              6        0.7587588              -0.9984861
              6        0.7597598              -0.9981204
              6        0.7607608              -0.9977152
              6        0.7617618              -0.9972705
              6        0.7627628              -0.9967864
              6        0.7637638              -0.9962629
              6        0.7647648              -0.9957000
              6        0.7657658              -0.9950976
              6        0.7667668              -0.9944560
              6        0.7677678              -0.9937749
              6        0.7687688              -0.9930546
              6        0.7697698              -0.9922950
              6        0.7707708              -0.9914961
              6        0.7717718              -0.9906580
              6        0.7727728              -0.9897807
              6        0.7737738              -0.9888643
              6        0.7747748              -0.9879087
              6        0.7757758              -0.9869141
              6        0.7767768              -0.9858804
              6        0.7777778              -0.9848078
              6        0.7787788              -0.9836961
              6        0.7797798              -0.9825456
              6        0.7807808              -0.9813562
              6        0.7817818              -0.9801280
              6        0.7827828              -0.9788610
              6        0.7837838              -0.9775552
              6        0.7847848              -0.9762109
              6        0.7857858              -0.9748278
              6        0.7867868              -0.9734063
              6        0.7877878              -0.9719462
              6        0.7887888              -0.9704477
              6        0.7897898              -0.9689108
              6        0.7907908              -0.9673355
              6        0.7917918              -0.9657220
              6        0.7927928              -0.9640703
              6        0.7937938              -0.9623805
              6        0.7947948              -0.9606526
              6        0.7957958              -0.9588867
              6        0.7967968              -0.9570829
              6        0.7977978              -0.9552412
              6        0.7987988              -0.9533617
              6        0.7997998              -0.9514445
              6        0.8008008              -0.9494896
              6        0.8018018              -0.9474972
              6        0.8028028              -0.9454674
              6        0.8038038              -0.9434001
              6        0.8048048              -0.9412955
              6        0.8058058              -0.9391537
              6        0.8068068              -0.9369747
              6        0.8078078              -0.9347587
              6        0.8088088              -0.9325056
              6        0.8098098              -0.9302157
              6        0.8108108              -0.9278890
              6        0.8118118              -0.9255256
              6        0.8128128              -0.9231256
              6        0.8138138              -0.9206891
              6        0.8148148              -0.9182161
              6        0.8158158              -0.9157068
              6        0.8168168              -0.9131613
              6        0.8178178              -0.9105797
              6        0.8188188              -0.9079621
              6        0.8198198              -0.9053085
              6        0.8208208              -0.9026191
              6        0.8218218              -0.8998941
              6        0.8228228              -0.8971334
              6        0.8238238              -0.8943372
              6        0.8248248              -0.8915057
              6        0.8258258              -0.8886389
              6        0.8268268              -0.8857369
              6        0.8278278              -0.8827999
              6        0.8288288              -0.8798280
              6        0.8298298              -0.8768213
              6        0.8308308              -0.8737799
              6        0.8318318              -0.8707039
              6        0.8328328              -0.8675935
              6        0.8338338              -0.8644488
              6        0.8348348              -0.8612698
              6        0.8358358              -0.8580568
              6        0.8368368              -0.8548099
              6        0.8378378              -0.8515291
              6        0.8388388              -0.8482147
              6        0.8398398              -0.8448667
              6        0.8408408              -0.8414853
              6        0.8418418              -0.8380706
              6        0.8428428              -0.8346227
              6        0.8438438              -0.8311419
              6        0.8448448              -0.8276281
              6        0.8458458              -0.8240817
              6        0.8468468              -0.8205026
              6        0.8478478              -0.8168910
              6        0.8488488              -0.8132472
              6        0.8498498              -0.8095712
              6        0.8508509              -0.8058631
              6        0.8518519              -0.8021232
              6        0.8528529              -0.7983515
              6        0.8538539              -0.7945483
              6        0.8548549              -0.7907136
              6        0.8558559              -0.7868477
              6        0.8568569              -0.7829506
              6        0.8578579              -0.7790226
              6        0.8588589              -0.7750637
              6        0.8598599              -0.7710742
              6        0.8608609              -0.7670542
              6        0.8618619              -0.7630038
              6        0.8628629              -0.7589233
              6        0.8638639              -0.7548127
              6        0.8648649              -0.7506723
              6        0.8658659              -0.7465022
              6        0.8668669              -0.7423025
              6        0.8678679              -0.7380735
              6        0.8688689              -0.7338153
              6        0.8698699              -0.7295281
              6        0.8708709              -0.7252120
              6        0.8718719              -0.7208672
              6        0.8728729              -0.7164939
              6        0.8738739              -0.7120923
              6        0.8748749              -0.7076625
          99800        0.7507508              -0.8055818
          99800        0.7517518              -0.8046463
          99800        0.7527528              -0.8036849
          99800        0.7537538              -0.8026975
          99800        0.7547548              -0.8016839
          99800        0.7557558              -0.8006442
          99800        0.7567568              -0.7995788
          99800        0.7577578              -0.7984876
          99800        0.7587588              -0.7973711
          99800        0.7597598              -0.7962295
          99800        0.7607608              -0.7950631
          99800        0.7617618              -0.7938724
          99800        0.7627628              -0.7926577
          99800        0.7637638              -0.7914192
          99800        0.7647648              -0.7901573
          99800        0.7657658              -0.7888724
          99800        0.7667668              -0.7875646
          99800        0.7677678              -0.7862343
          99800        0.7687688              -0.7848818
          99800        0.7697698              -0.7835072
          99800        0.7707708              -0.7821108
          99800        0.7717718              -0.7806929
          99800        0.7727728              -0.7792536
          99800        0.7737738              -0.7777933
          99800        0.7747748              -0.7763120
          99800        0.7757758              -0.7748102
          99800        0.7767768              -0.7732879
          99800        0.7777778              -0.7717454
          99800        0.7787788              -0.7701829
          99800        0.7797798              -0.7686006
          99800        0.7807808              -0.7669988
          99800        0.7817818              -0.7653776
          99800        0.7827828              -0.7637374
          99800        0.7837838              -0.7620783
          99800        0.7847848              -0.7604005
          99800        0.7857858              -0.7587043
          99800        0.7867868              -0.7569899
          99800        0.7877878              -0.7552576
          99800        0.7887888              -0.7535075
          99800        0.7897898              -0.7517399
          99800        0.7907908              -0.7499550
          99800        0.7917918              -0.7481530
          99800        0.7927928              -0.7463343
          99800        0.7937938              -0.7444989
          99800        0.7947948              -0.7426472
          99800        0.7957958              -0.7407794
          99800        0.7967968              -0.7388958
          99800        0.7977978              -0.7369965
          99800        0.7987988              -0.7350818
          99800        0.7997998              -0.7331519
          99800        0.8008008              -0.7312072
          99800        0.8018018              -0.7292477
          99800        0.8028028              -0.7272739
          99800        0.8038038              -0.7252858
          99800        0.8048048              -0.7232838
          99800        0.8058058              -0.7212681
          99800        0.8068068              -0.7192390
          99800        0.8078078              -0.7171967
          99800        0.8088088              -0.7151414
          99800        0.8098098              -0.7130735
          99800        0.8108108              -0.7109931
          99800        0.8118118              -0.7089005
          99800        0.8128128              -0.7067959
          99800        0.8138138              -0.7046797
          99800        0.8148148              -0.7025520
          99800        0.8158158              -0.7004132
          99800        0.8168168              -0.6982634
          99800        0.8178178              -0.6961030
          99800        0.8188188              -0.6939322
          99800        0.8198198              -0.6917512
          99800        0.8208208              -0.6895603
          99800        0.8218218              -0.6873599
          99800        0.8228228              -0.6851500
          99800        0.8238238              -0.6829311
          99800        0.8248248              -0.6807033
          99800        0.8258258              -0.6784670
          99800        0.8268268              -0.6762224
          99800        0.8278278              -0.6739697
          99800        0.8288288              -0.6717093
          99800        0.8298298              -0.6694413
          99800        0.8308308              -0.6671662
          99800        0.8318318              -0.6648840
          99800        0.8328328              -0.6625952
          99800        0.8338338              -0.6603000
          99800        0.8348348              -0.6579987
          99800        0.8358358              -0.6556914
          99800        0.8368368              -0.6533786
          99800        0.8378378              -0.6510605
          99800        0.8388388              -0.6487373
          99800        0.8398398              -0.6464094
          99800        0.8408408              -0.6440771
          99800        0.8418418              -0.6417405
          99800        0.8428428              -0.6394000
          99800        0.8438438              -0.6370559
          99800        0.8448448              -0.6347085
          99800        0.8458458              -0.6323580
          99800        0.8468468              -0.6300048
          99800        0.8478478              -0.6276491
          99800        0.8488488              -0.6252912
          99800        0.8498498              -0.6229314
          99800        0.8508509              -0.6205700
          99800        0.8518519              -0.6182073
          99800        0.8528529              -0.6158435
          99800        0.8538539              -0.6134790
          99800        0.8548549              -0.6111141
          99800        0.8558559              -0.6087489
          99800        0.8568569              -0.6063839
          99800        0.8578579              -0.6040192
          99800        0.8588589              -0.6016553
          99800        0.8598599              -0.5992922
          99800        0.8608609              -0.5969304
          99800        0.8618619              -0.5945701
          99800        0.8628629              -0.5922116
          99800        0.8638639              -0.5898552
          99800        0.8648649              -0.5875011
          99800        0.8658659              -0.5851496
          99800        0.8668669              -0.5828010
          99800        0.8678679              -0.5804556
          99800        0.8688689              -0.5781135
          99800        0.8698699              -0.5757750
          99800        0.8708709              -0.5734404
          99800        0.8718719              -0.5711098
          99800        0.8728729              -0.5687835
          99800        0.8738739              -0.5664616
          99800        0.8748749              -0.5641443
         199600        0.7507508              -0.6792887
         199600        0.7517518              -0.6786758
         199600        0.7527528              -0.6780484
         199600        0.7537538              -0.6774065
         199600        0.7547548              -0.6767504
         199600        0.7557558              -0.6760802
         199600        0.7567568              -0.6753962
         199600        0.7577578              -0.6746984
         199600        0.7587588              -0.6739872
         199600        0.7597598              -0.6732626
         199600        0.7607608              -0.6725249
         199600        0.7617618              -0.6717743
         199600        0.7627628              -0.6710110
         199600        0.7637638              -0.6702351
         199600        0.7647648              -0.6694468
         199600        0.7657658              -0.6686463
         199600        0.7667668              -0.6678339
         199600        0.7677678              -0.6670097
         199600        0.7687688              -0.6661738
         199600        0.7697698              -0.6653265
         199600        0.7707708              -0.6644680
         199600        0.7717718              -0.6635984
         199600        0.7727728              -0.6627180
         199600        0.7737738              -0.6618268
         199600        0.7747748              -0.6609252
         199600        0.7757758              -0.6600132
         199600        0.7767768              -0.6590911
         199600        0.7777778              -0.6581590
         199600        0.7787788              -0.6572171
         199600        0.7797798              -0.6562656
         199600        0.7807808              -0.6553047
         199600        0.7817818              -0.6543345
         199600        0.7827828              -0.6533553
         199600        0.7837838              -0.6523672
         199600        0.7847848              -0.6513704
         199600        0.7857858              -0.6503650
         199600        0.7867868              -0.6493513
         199600        0.7877878              -0.6483294
         199600        0.7887888              -0.6472995
         199600        0.7897898              -0.6462618
         199600        0.7907908              -0.6452163
         199600        0.7917918              -0.6441635
         199600        0.7927928              -0.6431033
         199600        0.7937938              -0.6420359
         199600        0.7947948              -0.6409616
         199600        0.7957958              -0.6398805
         199600        0.7967968              -0.6387928
         199600        0.7977978              -0.6376986
         199600        0.7987988              -0.6365981
         199600        0.7997998              -0.6354916
         199600        0.8008008              -0.6343790
         199600        0.8018018              -0.6332607
         199600        0.8028028              -0.6321368
         199600        0.8038038              -0.6310075
         199600        0.8048048              -0.6298728
         199600        0.8058058              -0.6287331
         199600        0.8068068              -0.6275884
         199600        0.8078078              -0.6264389
         199600        0.8088088              -0.6252849
         199600        0.8098098              -0.6241263
         199600        0.8108108              -0.6229635
         199600        0.8118118              -0.6217966
         199600        0.8128128              -0.6206256
         199600        0.8138138              -0.6194509
         199600        0.8148148              -0.6182726
         199600        0.8158158              -0.6170907
         199600        0.8168168              -0.6159056
         199600        0.8178178              -0.6147173
         199600        0.8188188              -0.6135259
         199600        0.8198198              -0.6123317
         199600        0.8208208              -0.6111349
         199600        0.8218218              -0.6099355
         199600        0.8228228              -0.6087337
         199600        0.8238238              -0.6075297
         199600        0.8248248              -0.6063236
         199600        0.8258258              -0.6051156
         199600        0.8268268              -0.6039059
         199600        0.8278278              -0.6026945
         199600        0.8288288              -0.6014817
         199600        0.8298298              -0.6002676
         199600        0.8308308              -0.5990523
         199600        0.8318318              -0.5978360
         199600        0.8328328              -0.5966189
         199600        0.8338338              -0.5954011
         199600        0.8348348              -0.5941827
         199600        0.8358358              -0.5929639
         199600        0.8368368              -0.5917448
         199600        0.8378378              -0.5905256
         199600        0.8388388              -0.5893064
         199600        0.8398398              -0.5880874
         199600        0.8408408              -0.5868688
         199600        0.8418418              -0.5856505
         199600        0.8428428              -0.5844329
         199600        0.8438438              -0.5832161
         199600        0.8448448              -0.5820001
         199600        0.8458458              -0.5807851
         199600        0.8468468              -0.5795713
         199600        0.8478478              -0.5783588
         199600        0.8488488              -0.5771477
         199600        0.8498498              -0.5759382
         199600        0.8508509              -0.5747305
         199600        0.8518519              -0.5735245
         199600        0.8528529              -0.5723205
         199600        0.8538539              -0.5711187
         199600        0.8548549              -0.5699191
         199600        0.8558559              -0.5687218
         199600        0.8568569              -0.5675271
         199600        0.8578579              -0.5663349
         199600        0.8588589              -0.5651455
         199600        0.8598599              -0.5639590
         199600        0.8608609              -0.5627755
         199600        0.8618619              -0.5615951
         199600        0.8628629              -0.5604179
         199600        0.8638639              -0.5592441
         199600        0.8648649              -0.5580738
         199600        0.8658659              -0.5569071
         199600        0.8668669              -0.5557441
         199600        0.8678679              -0.5545849
         199600        0.8688689              -0.5534297
         199600        0.8698699              -0.5522785
         199600        0.8708709              -0.5511316
         199600        0.8718719              -0.5499889
         199600        0.8728729              -0.5488506
         199600        0.8738739              -0.5477169
         199600        0.8748749              -0.5465878
         299400        0.7507508              -0.6019665
         299400        0.7517518              -0.6018415
         299400        0.7527528              -0.6017058
         299400        0.7537538              -0.6015593
         299400        0.7547548              -0.6014024
         299400        0.7557558              -0.6012351
         299400        0.7567568              -0.6010576
         299400        0.7577578              -0.6008700
         299400        0.7587588              -0.6006724
         299400        0.7597598              -0.6004651
         299400        0.7607608              -0.6002482
         299400        0.7617618              -0.6000218
         299400        0.7627628              -0.5997860
         299400        0.7637638              -0.5995411
         299400        0.7647648              -0.5992871
         299400        0.7657658              -0.5990241
         299400        0.7667668              -0.5987525
         299400        0.7677678              -0.5984722
         299400        0.7687688              -0.5981834
         299400        0.7697698              -0.5978863
         299400        0.7707708              -0.5975810
         299400        0.7717718              -0.5972676
         299400        0.7727728              -0.5969462
         299400        0.7737738              -0.5966171
         299400        0.7747748              -0.5962803
         299400        0.7757758              -0.5959360
         299400        0.7767768              -0.5955843
         299400        0.7777778              -0.5952253
         299400        0.7787788              -0.5948592
         299400        0.7797798              -0.5944861
         299400        0.7807808              -0.5941061
         299400        0.7817818              -0.5937193
         299400        0.7827828              -0.5933259
         299400        0.7837838              -0.5929260
         299400        0.7847848              -0.5925197
         299400        0.7857858              -0.5921072
         299400        0.7867868              -0.5916885
         299400        0.7877878              -0.5912638
         299400        0.7887888              -0.5908333
         299400        0.7897898              -0.5903969
         299400        0.7907908              -0.5899550
         299400        0.7917918              -0.5895075
         299400        0.7927928              -0.5890545
         299400        0.7937938              -0.5885963
         299400        0.7947948              -0.5881329
         299400        0.7957958              -0.5876645
         299400        0.7967968              -0.5871911
         299400        0.7977978              -0.5867129
         299400        0.7987988              -0.5862300
         299400        0.7997998              -0.5857425
         299400        0.8008008              -0.5852505
         299400        0.8018018              -0.5847541
         299400        0.8028028              -0.5842535
         299400        0.8038038              -0.5837488
         299400        0.8048048              -0.5832400
         299400        0.8058058              -0.5827273
         299400        0.8068068              -0.5822108
         299400        0.8078078              -0.5816906
         299400        0.8088088              -0.5811668
         299400        0.8098098              -0.5806395
         299400        0.8108108              -0.5801089
         299400        0.8118118              -0.5795750
         299400        0.8128128              -0.5790380
         299400        0.8138138              -0.5784979
         299400        0.8148148              -0.5779549
         299400        0.8158158              -0.5774090
         299400        0.8168168              -0.5768605
         299400        0.8178178              -0.5763093
         299400        0.8188188              -0.5757556
         299400        0.8198198              -0.5751995
         299400        0.8208208              -0.5746410
         299400        0.8218218              -0.5740804
         299400        0.8228228              -0.5735176
         299400        0.8238238              -0.5729529
         299400        0.8248248              -0.5723862
         299400        0.8258258              -0.5718178
         299400        0.8268268              -0.5712476
         299400        0.8278278              -0.5706759
         299400        0.8288288              -0.5701026
         299400        0.8298298              -0.5695280
         299400        0.8308308              -0.5689520
         299400        0.8318318              -0.5683748
         299400        0.8328328              -0.5677964
         299400        0.8338338              -0.5672171
         299400        0.8348348              -0.5666368
         299400        0.8358358              -0.5660557
         299400        0.8368368              -0.5654738
         299400        0.8378378              -0.5648913
         299400        0.8388388              -0.5643082
         299400        0.8398398              -0.5637247
         299400        0.8408408              -0.5631407
         299400        0.8418418              -0.5625565
         299400        0.8428428              -0.5619720
         299400        0.8438438              -0.5613875
         299400        0.8448448              -0.5608029
         299400        0.8458458              -0.5602183
         299400        0.8468468              -0.5596339
         299400        0.8478478              -0.5590497
         299400        0.8488488              -0.5584659
         299400        0.8498498              -0.5578824
         299400        0.8508509              -0.5572994
         299400        0.8518519              -0.5567169
         299400        0.8528529              -0.5561351
         299400        0.8538539              -0.5555540
         299400        0.8548549              -0.5549737
         299400        0.8558559              -0.5543943
         299400        0.8568569              -0.5538158
         299400        0.8578579              -0.5532384
         299400        0.8588589              -0.5526620
         299400        0.8598599              -0.5520869
         299400        0.8608609              -0.5515130
         299400        0.8618619              -0.5509404
         299400        0.8628629              -0.5503693
         299400        0.8638639              -0.5497996
         299400        0.8648649              -0.5492315
         299400        0.8658659              -0.5486650
         299400        0.8668669              -0.5481002
         299400        0.8678679              -0.5475372
         299400        0.8688689              -0.5469760
         299400        0.8698699              -0.5464167
         299400        0.8708709              -0.5458593
         299400        0.8718719              -0.5453041
         299400        0.8728729              -0.5447509
         299400        0.8738739              -0.5441999
         299400        0.8748749              -0.5436511
         399200        0.7507508              -0.5544526
         399200        0.7517518              -0.5546508
         399200        0.7527528              -0.5548398
         399200        0.7537538              -0.5550196
         399200        0.7547548              -0.5551906
         399200        0.7557558              -0.5553529
         399200        0.7567568              -0.5555068
         399200        0.7577578              -0.5556526
         399200        0.7587588              -0.5557902
         399200        0.7597598              -0.5559201
         399200        0.7607608              -0.5560422
         399200        0.7617618              -0.5561568
         399200        0.7627628              -0.5562640
         399200        0.7637638              -0.5563637
         399200        0.7647648              -0.5564562
         399200        0.7657658              -0.5565416
         399200        0.7667668              -0.5566197
         399200        0.7677678              -0.5566909
         399200        0.7687688              -0.5567549
         399200        0.7697698              -0.5568121
         399200        0.7707708              -0.5568623
         399200        0.7717718              -0.5569056
         399200        0.7727728              -0.5569422
         399200        0.7737738              -0.5569720
         399200        0.7747748              -0.5569952
         399200        0.7757758              -0.5570117
         399200        0.7767768              -0.5570218
         399200        0.7777778              -0.5570254
         399200        0.7787788              -0.5570227
         399200        0.7797798              -0.5570138
         399200        0.7807808              -0.5569986
         399200        0.7817818              -0.5569774
         399200        0.7827828              -0.5569502
         399200        0.7837838              -0.5569170
         399200        0.7847848              -0.5568781
         399200        0.7857858              -0.5568335
         399200        0.7867868              -0.5567833
         399200        0.7877878              -0.5567275
         399200        0.7887888              -0.5566664
         399200        0.7897898              -0.5565999
         399200        0.7907908              -0.5565282
         399200        0.7917918              -0.5564513
         399200        0.7927928              -0.5563694
         399200        0.7937938              -0.5562825
         399200        0.7947948              -0.5561908
         399200        0.7957958              -0.5560943
         399200        0.7967968              -0.5559931
         399200        0.7977978              -0.5558873
         399200        0.7987988              -0.5557770
         399200        0.7997998              -0.5556623
         399200        0.8008008              -0.5555432
         399200        0.8018018              -0.5554199
         399200        0.8028028              -0.5552924
         399200        0.8038038              -0.5551609
         399200        0.8048048              -0.5550253
         399200        0.8058058              -0.5548859
         399200        0.8068068              -0.5547426
         399200        0.8078078              -0.5545956
         399200        0.8088088              -0.5544449
         399200        0.8098098              -0.5542907
         399200        0.8108108              -0.5541329
         399200        0.8118118              -0.5539717
         399200        0.8128128              -0.5538071
         399200        0.8138138              -0.5536393
         399200        0.8148148              -0.5534683
         399200        0.8158158              -0.5532942
         399200        0.8168168              -0.5531171
         399200        0.8178178              -0.5529370
         399200        0.8188188              -0.5527540
         399200        0.8198198              -0.5525682
         399200        0.8208208              -0.5523796
         399200        0.8218218              -0.5521884
         399200        0.8228228              -0.5519946
         399200        0.8238238              -0.5517983
         399200        0.8248248              -0.5515995
         399200        0.8258258              -0.5513984
         399200        0.8268268              -0.5511949
         399200        0.8278278              -0.5509893
         399200        0.8288288              -0.5507814
         399200        0.8298298              -0.5505714
         399200        0.8308308              -0.5503594
         399200        0.8318318              -0.5501455
         399200        0.8328328              -0.5499296
         399200        0.8338338              -0.5497119
         399200        0.8348348              -0.5494924
         399200        0.8358358              -0.5492712
         399200        0.8368368              -0.5490484
         399200        0.8378378              -0.5488240
         399200        0.8388388              -0.5485981
         399200        0.8398398              -0.5483708
         399200        0.8408408              -0.5481420
         399200        0.8418418              -0.5479120
         399200        0.8428428              -0.5476806
         399200        0.8438438              -0.5474481
         399200        0.8448448              -0.5472144
         399200        0.8458458              -0.5469796
         399200        0.8468468              -0.5467438
         399200        0.8478478              -0.5465070
         399200        0.8488488              -0.5462693
         399200        0.8498498              -0.5460308
         399200        0.8508509              -0.5457914
         399200        0.8518519              -0.5455513
         399200        0.8528529              -0.5453105
         399200        0.8538539              -0.5450691
         399200        0.8548549              -0.5448271
         399200        0.8558559              -0.5445846
         399200        0.8568569              -0.5443416
         399200        0.8578579              -0.5440982
         399200        0.8588589              -0.5438544
         399200        0.8598599              -0.5436103
         399200        0.8608609              -0.5433659
         399200        0.8618619              -0.5431214
         399200        0.8628629              -0.5428766
         399200        0.8638639              -0.5426318
         399200        0.8648649              -0.5423868
         399200        0.8658659              -0.5421419
         399200        0.8668669              -0.5418970
         399200        0.8678679              -0.5416522
         399200        0.8688689              -0.5414075
         399200        0.8698699              -0.5411629
         399200        0.8708709              -0.5409186
         399200        0.8718719              -0.5406746
         399200        0.8728729              -0.5404308
         399200        0.8738739              -0.5401874
         399200        0.8748749              -0.5399444
         499000        0.7507508              -0.5198840
         499000        0.7517518              -0.5203316
         499000        0.7527528              -0.5207708
         499000        0.7537538              -0.5212017
         499000        0.7547548              -0.5216244
         499000        0.7557558              -0.5220389
         499000        0.7567568              -0.5224455
         499000        0.7577578              -0.5228441
         499000        0.7587588              -0.5232349
         499000        0.7597598              -0.5236180
         499000        0.7607608              -0.5239934
         499000        0.7617618              -0.5243612
         499000        0.7627628              -0.5247216
         499000        0.7637638              -0.5250746
         499000        0.7647648              -0.5254202
         499000        0.7657658              -0.5257587
         499000        0.7667668              -0.5260900
         499000        0.7677678              -0.5264143
         499000        0.7687688              -0.5267317
         499000        0.7697698              -0.5270421
         499000        0.7707708              -0.5273458
         499000        0.7717718              -0.5276428
         499000        0.7727728              -0.5279332
         499000        0.7737738              -0.5282170
         499000        0.7747748              -0.5284944
         499000        0.7757758              -0.5287654
         499000        0.7767768              -0.5290301
         499000        0.7777778              -0.5292886
         499000        0.7787788              -0.5295410
         499000        0.7797798              -0.5297873
         499000        0.7807808              -0.5300276
         499000        0.7817818              -0.5302621
         499000        0.7827828              -0.5304907
         499000        0.7837838              -0.5307136
         499000        0.7847848              -0.5309308
         499000        0.7857858              -0.5311425
         499000        0.7867868              -0.5313486
         499000        0.7877878              -0.5315492
         499000        0.7887888              -0.5317445
         499000        0.7897898              -0.5319345
         499000        0.7907908              -0.5321192
         499000        0.7917918              -0.5322988
         499000        0.7927928              -0.5324732
         499000        0.7937938              -0.5326427
         499000        0.7947948              -0.5328072
         499000        0.7957958              -0.5329668
         499000        0.7967968              -0.5331215
         499000        0.7977978              -0.5332716
         499000        0.7987988              -0.5334169
         499000        0.7997998              -0.5335576
         499000        0.8008008              -0.5336937
         499000        0.8018018              -0.5338254
         499000        0.8028028              -0.5339526
         499000        0.8038038              -0.5340754
         499000        0.8048048              -0.5341940
         499000        0.8058058              -0.5343083
         499000        0.8068068              -0.5344184
         499000        0.8078078              -0.5345244
         499000        0.8088088              -0.5346263
         499000        0.8098098              -0.5347243
         499000        0.8108108              -0.5348183
         499000        0.8118118              -0.5349084
         499000        0.8128128              -0.5349948
         499000        0.8138138              -0.5350773
         499000        0.8148148              -0.5351562
         499000        0.8158158              -0.5352314
         499000        0.8168168              -0.5353031
         499000        0.8178178              -0.5353712
         499000        0.8188188              -0.5354358
         499000        0.8198198              -0.5354971
         499000        0.8208208              -0.5355550
         499000        0.8218218              -0.5356096
         499000        0.8228228              -0.5356610
         499000        0.8238238              -0.5357092
         499000        0.8248248              -0.5357542
         499000        0.8258258              -0.5357962
         499000        0.8268268              -0.5358352
         499000        0.8278278              -0.5358711
         499000        0.8288288              -0.5359042
         499000        0.8298298              -0.5359345
         499000        0.8308308              -0.5359619
         499000        0.8318318              -0.5359866
         499000        0.8328328              -0.5360085
         499000        0.8338338              -0.5360278
         499000        0.8348348              -0.5360446
         499000        0.8358358              -0.5360587
         499000        0.8368368              -0.5360704
         499000        0.8378378              -0.5360797
         499000        0.8388388              -0.5360865
         499000        0.8398398              -0.5360910
         499000        0.8408408              -0.5360932
         499000        0.8418418              -0.5360931
         499000        0.8428428              -0.5360908
         499000        0.8438438              -0.5360864
         499000        0.8448448              -0.5360799
         499000        0.8458458              -0.5360713
         499000        0.8468468              -0.5360607
         499000        0.8478478              -0.5360481
         499000        0.8488488              -0.5360336
         499000        0.8498498              -0.5360173
         499000        0.8508509              -0.5359990
         499000        0.8518519              -0.5359790
         499000        0.8528529              -0.5359573
         499000        0.8538539              -0.5359338
         499000        0.8548549              -0.5359087
         499000        0.8558559              -0.5358820
         499000        0.8568569              -0.5358537
         499000        0.8578579              -0.5358238
         499000        0.8588589              -0.5357925
         499000        0.8598599              -0.5357597
         499000        0.8608609              -0.5357254
         499000        0.8618619              -0.5356898
         499000        0.8628629              -0.5356529
         499000        0.8638639              -0.5356147
         499000        0.8648649              -0.5355752
         499000        0.8658659              -0.5355345
         499000        0.8668669              -0.5354926
         499000        0.8678679              -0.5354496
         499000        0.8688689              -0.5354055
         499000        0.8698699              -0.5353603
         499000        0.8708709              -0.5353140
         499000        0.8718719              -0.5352668
         499000        0.8728729              -0.5352186
         499000        0.8738739              -0.5351694
         499000        0.8748749              -0.5351194
         598800        0.7507508              -0.4929053
         598800        0.7517518              -0.4935333
         598800        0.7527528              -0.4941535
         598800        0.7537538              -0.4947659
         598800        0.7547548              -0.4953706
         598800        0.7557558              -0.4959676
         598800        0.7567568              -0.4965571
         598800        0.7577578              -0.4971390
         598800        0.7587588              -0.4977135
         598800        0.7597598              -0.4982806
         598800        0.7607608              -0.4988403
         598800        0.7617618              -0.4993928
         598800        0.7627628              -0.4999380
         598800        0.7637638              -0.5004761
         598800        0.7647648              -0.5010071
         598800        0.7657658              -0.5015310
         598800        0.7667668              -0.5020480
         598800        0.7677678              -0.5025580
         598800        0.7687688              -0.5030613
         598800        0.7697698              -0.5035577
         598800        0.7707708              -0.5040474
         598800        0.7717718              -0.5045304
         598800        0.7727728              -0.5050069
         598800        0.7737738              -0.5054768
         598800        0.7747748              -0.5059402
         598800        0.7757758              -0.5063972
         598800        0.7767768              -0.5068478
         598800        0.7777778              -0.5072922
         598800        0.7787788              -0.5077303
         598800        0.7797798              -0.5081623
         598800        0.7807808              -0.5085881
         598800        0.7817818              -0.5090079
         598800        0.7827828              -0.5094217
         598800        0.7837838              -0.5098295
         598800        0.7847848              -0.5102315
         598800        0.7857858              -0.5106276
         598800        0.7867868              -0.5110180
         598800        0.7877878              -0.5114028
         598800        0.7887888              -0.5117818
         598800        0.7897898              -0.5121553
         598800        0.7907908              -0.5125233
         598800        0.7917918              -0.5128858
         598800        0.7927928              -0.5132429
         598800        0.7937938              -0.5135946
         598800        0.7947948              -0.5139410
         598800        0.7957958              -0.5142822
         598800        0.7967968              -0.5146183
         598800        0.7977978              -0.5149491
         598800        0.7987988              -0.5152749
         598800        0.7997998              -0.5155957
         598800        0.8008008              -0.5159116
         598800        0.8018018              -0.5162225
         598800        0.8028028              -0.5165285
         598800        0.8038038              -0.5168298
         598800        0.8048048              -0.5171263
         598800        0.8058058              -0.5174181
         598800        0.8068068              -0.5177053
         598800        0.8078078              -0.5179879
         598800        0.8088088              -0.5182659
         598800        0.8098098              -0.5185394
         598800        0.8108108              -0.5188086
         598800        0.8118118              -0.5190733
         598800        0.8128128              -0.5193337
         598800        0.8138138              -0.5195898
         598800        0.8148148              -0.5198417
         598800        0.8158158              -0.5200894
         598800        0.8168168              -0.5203329
         598800        0.8178178              -0.5205724
         598800        0.8188188              -0.5208078
         598800        0.8198198              -0.5210393
         598800        0.8208208              -0.5212668
         598800        0.8218218              -0.5214905
         598800        0.8228228              -0.5217102
         598800        0.8238238              -0.5219262
         598800        0.8248248              -0.5221385
         598800        0.8258258              -0.5223470
         598800        0.8268268              -0.5225519
         598800        0.8278278              -0.5227532
         598800        0.8288288              -0.5229509
         598800        0.8298298              -0.5231451
         598800        0.8308308              -0.5233359
         598800        0.8318318              -0.5235232
         598800        0.8328328              -0.5237071
         598800        0.8338338              -0.5238877
         598800        0.8348348              -0.5240650
         598800        0.8358358              -0.5242390
         598800        0.8368368              -0.5244098
         598800        0.8378378              -0.5245775
         598800        0.8388388              -0.5247421
         598800        0.8398398              -0.5249035
         598800        0.8408408              -0.5250620
         598800        0.8418418              -0.5252174
         598800        0.8428428              -0.5253699
         598800        0.8438438              -0.5255194
         598800        0.8448448              -0.5256661
         598800        0.8458458              -0.5258100
         598800        0.8468468              -0.5259511
         598800        0.8478478              -0.5260894
         598800        0.8488488              -0.5262250
         598800        0.8498498              -0.5263579
         598800        0.8508509              -0.5264882
         598800        0.8518519              -0.5266158
         598800        0.8528529              -0.5267410
         598800        0.8538539              -0.5268636
         598800        0.8548549              -0.5269837
         598800        0.8558559              -0.5271013
         598800        0.8568569              -0.5272166
         598800        0.8578579              -0.5273294
         598800        0.8588589              -0.5274399
         598800        0.8598599              -0.5275481
         598800        0.8608609              -0.5276541
         598800        0.8618619              -0.5277578
         598800        0.8628629              -0.5278593
         598800        0.8638639              -0.5279586
         598800        0.8648649              -0.5280558
         598800        0.8658659              -0.5281509
         598800        0.8668669              -0.5282439
         598800        0.8678679              -0.5283349
         598800        0.8688689              -0.5284239
         598800        0.8698699              -0.5285109
         598800        0.8708709              -0.5285959
         598800        0.8718719              -0.5286791
         598800        0.8728729              -0.5287603
         598800        0.8738739              -0.5288398
         598800        0.8748749              -0.5289174
         698600        0.7507508              -0.4720728
         698600        0.7517518              -0.4728196
         698600        0.7527528              -0.4735588
         698600        0.7537538              -0.4742903
         698600        0.7547548              -0.4750142
         698600        0.7557558              -0.4757306
         698600        0.7567568              -0.4764394
         698600        0.7577578              -0.4771407
         698600        0.7587588              -0.4778346
         698600        0.7597598              -0.4785211
         698600        0.7607608              -0.4792002
         698600        0.7617618              -0.4798720
         698600        0.7627628              -0.4805366
         698600        0.7637638              -0.4811939
         698600        0.7647648              -0.4818441
         698600        0.7657658              -0.4824872
         698600        0.7667668              -0.4831232
         698600        0.7677678              -0.4837522
         698600        0.7687688              -0.4843743
         698600        0.7697698              -0.4849894
         698600        0.7707708              -0.4855977
         698600        0.7717718              -0.4861993
         698600        0.7727728              -0.4867941
         698600        0.7737738              -0.4873823
         698600        0.7747748              -0.4879639
         698600        0.7757758              -0.4885389
         698600        0.7767768              -0.4891075
         698600        0.7777778              -0.4896696
         698600        0.7787788              -0.4902254
         698600        0.7797798              -0.4907749
         698600        0.7807808              -0.4913182
         698600        0.7817818              -0.4918553
         698600        0.7827828              -0.4923862
         698600        0.7837838              -0.4929112
         698600        0.7847848              -0.4934301
         698600        0.7857858              -0.4939431
         698600        0.7867868              -0.4944502
         698600        0.7877878              -0.4949515
         698600        0.7887888              -0.4954471
         698600        0.7897898              -0.4959370
         698600        0.7907908              -0.4964212
         698600        0.7917918              -0.4968998
         698600        0.7927928              -0.4973729
         698600        0.7937938              -0.4978406
         698600        0.7947948              -0.4983028
         698600        0.7957958              -0.4987596
         698600        0.7967968              -0.4992112
         698600        0.7977978              -0.4996574
         698600        0.7987988              -0.5000985
         698600        0.7997998              -0.5005344
         698600        0.8008008              -0.5009652
         698600        0.8018018              -0.5013909
         698600        0.8028028              -0.5018116
         698600        0.8038038              -0.5022274
         698600        0.8048048              -0.5026382
         698600        0.8058058              -0.5030442
         698600        0.8068068              -0.5034454
         698600        0.8078078              -0.5038417
         698600        0.8088088              -0.5042334
         698600        0.8098098              -0.5046203
         698600        0.8108108              -0.5050026
         698600        0.8118118              -0.5053804
         698600        0.8128128              -0.5057535
         698600        0.8138138              -0.5061222
         698600        0.8148148              -0.5064864
         698600        0.8158158              -0.5068461
         698600        0.8168168              -0.5072015
         698600        0.8178178              -0.5075525
         698600        0.8188188              -0.5078992
         698600        0.8198198              -0.5082416
         698600        0.8208208              -0.5085798
         698600        0.8218218              -0.5089139
         698600        0.8228228              -0.5092437
         698600        0.8238238              -0.5095695
         698600        0.8248248              -0.5098912
         698600        0.8258258              -0.5102088
         698600        0.8268268              -0.5105224
         698600        0.8278278              -0.5108321
         698600        0.8288288              -0.5111379
         698600        0.8298298              -0.5114397
         698600        0.8308308              -0.5117377
         698600        0.8318318              -0.5120319
         698600        0.8328328              -0.5123222
         698600        0.8338338              -0.5126088
         698600        0.8348348              -0.5128917
         698600        0.8358358              -0.5131709
         698600        0.8368368              -0.5134464
         698600        0.8378378              -0.5137183
         698600        0.8388388              -0.5139866
         698600        0.8398398              -0.5142514
         698600        0.8408408              -0.5145126
         698600        0.8418418              -0.5147703
         698600        0.8428428              -0.5150245
         698600        0.8438438              -0.5152753
         698600        0.8448448              -0.5155227
         698600        0.8458458              -0.5157667
         698600        0.8468468              -0.5160074
         698600        0.8478478              -0.5162447
         698600        0.8488488              -0.5164788
         698600        0.8498498              -0.5167095
         698600        0.8508509              -0.5169371
         698600        0.8518519              -0.5171614
         698600        0.8528529              -0.5173826
         698600        0.8538539              -0.5176006
         698600        0.8548549              -0.5178156
         698600        0.8558559              -0.5180274
         698600        0.8568569              -0.5182362
         698600        0.8578579              -0.5184419
         698600        0.8588589              -0.5186447
         698600        0.8598599              -0.5188445
         698600        0.8608609              -0.5190414
         698600        0.8618619              -0.5192354
         698600        0.8628629              -0.5194265
         698600        0.8638639              -0.5196148
         698600        0.8648649              -0.5198003
         698600        0.8658659              -0.5199830
         698600        0.8668669              -0.5201629
         698600        0.8678679              -0.5203402
         698600        0.8688689              -0.5205148
         698600        0.8698699              -0.5206868
         698600        0.8708709              -0.5208561
         698600        0.8718719              -0.5210229
         698600        0.8728729              -0.5211871
         698600        0.8738739              -0.5213489
         698600        0.8748749              -0.5215082
         798400        0.7507508              -0.4554313
         798400        0.7517518              -0.4561905
         798400        0.7527528              -0.4569459
         798400        0.7537538              -0.4576975
         798400        0.7547548              -0.4584450
         798400        0.7557558              -0.4591884
         798400        0.7567568              -0.4599275
         798400        0.7577578              -0.4606623
         798400        0.7587588              -0.4613926
         798400        0.7597598              -0.4621183
         798400        0.7607608              -0.4628393
         798400        0.7617618              -0.4635555
         798400        0.7627628              -0.4642668
         798400        0.7637638              -0.4649732
         798400        0.7647648              -0.4656745
         798400        0.7657658              -0.4663708
         798400        0.7667668              -0.4670618
         798400        0.7677678              -0.4677476
         798400        0.7687688              -0.4684281
         798400        0.7697698              -0.4691033
         798400        0.7707708              -0.4697731
         798400        0.7717718              -0.4704375
         798400        0.7727728              -0.4710964
         798400        0.7737738              -0.4717498
         798400        0.7747748              -0.4723978
         798400        0.7757758              -0.4730403
         798400        0.7767768              -0.4736772
         798400        0.7777778              -0.4743086
         798400        0.7787788              -0.4749345
         798400        0.7797798              -0.4755548
         798400        0.7807808              -0.4761697
         798400        0.7817818              -0.4767790
         798400        0.7827828              -0.4773828
         798400        0.7837838              -0.4779812
         798400        0.7847848              -0.4785740
         798400        0.7857858              -0.4791615
         798400        0.7867868              -0.4797435
         798400        0.7877878              -0.4803200
         798400        0.7887888              -0.4808912
         798400        0.7897898              -0.4814571
         798400        0.7907908              -0.4820176
         798400        0.7917918              -0.4825728
         798400        0.7927928              -0.4831227
         798400        0.7937938              -0.4836674
         798400        0.7947948              -0.4842068
         798400        0.7957958              -0.4847411
         798400        0.7967968              -0.4852702
         798400        0.7977978              -0.4857942
         798400        0.7987988              -0.4863132
         798400        0.7997998              -0.4868270
         798400        0.8008008              -0.4873359
         798400        0.8018018              -0.4878397
         798400        0.8028028              -0.4883386
         798400        0.8038038              -0.4888325
         798400        0.8048048              -0.4893216
         798400        0.8058058              -0.4898058
         798400        0.8068068              -0.4902852
         798400        0.8078078              -0.4907598
         798400        0.8088088              -0.4912296
         798400        0.8098098              -0.4916947
         798400        0.8108108              -0.4921551
         798400        0.8118118              -0.4926109
         798400        0.8128128              -0.4930620
         798400        0.8138138              -0.4935086
         798400        0.8148148              -0.4939505
         798400        0.8158158              -0.4943880
         798400        0.8168168              -0.4948210
         798400        0.8178178              -0.4952495
         798400        0.8188188              -0.4956735
         798400        0.8198198              -0.4960932
         798400        0.8208208              -0.4965085
         798400        0.8218218              -0.4969195
         798400        0.8228228              -0.4973262
         798400        0.8238238              -0.4977286
         798400        0.8248248              -0.4981268
         798400        0.8258258              -0.4985208
         798400        0.8268268              -0.4989106
         798400        0.8278278              -0.4992962
         798400        0.8288288              -0.4996778
         798400        0.8298298              -0.5000553
         798400        0.8308308              -0.5004287
         798400        0.8318318              -0.5007981
         798400        0.8328328              -0.5011636
         798400        0.8338338              -0.5015250
         798400        0.8348348              -0.5018826
         798400        0.8358358              -0.5022363
         798400        0.8368368              -0.5025861
         798400        0.8378378              -0.5029320
         798400        0.8388388              -0.5032742
         798400        0.8398398              -0.5036126
         798400        0.8408408              -0.5039472
         798400        0.8418418              -0.5042781
         798400        0.8428428              -0.5046054
         798400        0.8438438              -0.5049290
         798400        0.8448448              -0.5052489
         798400        0.8458458              -0.5055653
         798400        0.8468468              -0.5058781
         798400        0.8478478              -0.5061873
         798400        0.8488488              -0.5064930
         798400        0.8498498              -0.5067953
         798400        0.8508509              -0.5070941
         798400        0.8518519              -0.5073894
         798400        0.8528529              -0.5076814
         798400        0.8538539              -0.5079700
         798400        0.8548549              -0.5082552
         798400        0.8558559              -0.5085371
         798400        0.8568569              -0.5088157
         798400        0.8578579              -0.5090911
         798400        0.8588589              -0.5093632
         798400        0.8598599              -0.5096321
         798400        0.8608609              -0.5098978
         798400        0.8618619              -0.5101603
         798400        0.8628629              -0.5104197
         798400        0.8638639              -0.5106760
         798400        0.8648649              -0.5109292
         798400        0.8658659              -0.5111793
         798400        0.8668669              -0.5114264
         798400        0.8678679              -0.5116704
         798400        0.8688689              -0.5119115
         798400        0.8698699              -0.5121495
         798400        0.8708709              -0.5123847
         798400        0.8718719              -0.5126169
         798400        0.8728729              -0.5128462
         798400        0.8738739              -0.5130726
         798400        0.8748749              -0.5132961
         898200        0.7507508              -0.4409700
         898200        0.7517518              -0.4417757
         898200        0.7527528              -0.4425775
         898200        0.7537538              -0.4433754
         898200        0.7547548              -0.4441692
         898200        0.7557558              -0.4449589
         898200        0.7567568              -0.4457443
         898200        0.7577578              -0.4465253
         898200        0.7587588              -0.4473018
         898200        0.7597598              -0.4480737
         898200        0.7607608              -0.4488409
         898200        0.7617618              -0.4496034
         898200        0.7627628              -0.4503610
         898200        0.7637638              -0.4511136
         898200        0.7647648              -0.4518613
         898200        0.7657658              -0.4526039
         898200        0.7667668              -0.4533414
         898200        0.7677678              -0.4540737
         898200        0.7687688              -0.4548008
         898200        0.7697698              -0.4555226
         898200        0.7707708              -0.4562391
         898200        0.7717718              -0.4569503
         898200        0.7727728              -0.4576561
         898200        0.7737738              -0.4583565
         898200        0.7747748              -0.4590516
         898200        0.7757758              -0.4597412
         898200        0.7767768              -0.4604254
         898200        0.7777778              -0.4611041
         898200        0.7787788              -0.4617775
         898200        0.7797798              -0.4624454
         898200        0.7807808              -0.4631079
         898200        0.7817818              -0.4637650
         898200        0.7827828              -0.4644167
         898200        0.7837838              -0.4650630
         898200        0.7847848              -0.4657040
         898200        0.7857858              -0.4663396
         898200        0.7867868              -0.4669699
         898200        0.7877878              -0.4675948
         898200        0.7887888              -0.4682145
         898200        0.7897898              -0.4688289
         898200        0.7907908              -0.4694381
         898200        0.7917918              -0.4700421
         898200        0.7927928              -0.4706408
         898200        0.7937938              -0.4712344
         898200        0.7947948              -0.4718229
         898200        0.7957958              -0.4724062
         898200        0.7967968              -0.4729845
         898200        0.7977978              -0.4735577
         898200        0.7987988              -0.4741259
         898200        0.7997998              -0.4746891
         898200        0.8008008              -0.4752473
         898200        0.8018018              -0.4758006
         898200        0.8028028              -0.4763489
         898200        0.8038038              -0.4768924
         898200        0.8048048              -0.4774310
         898200        0.8058058              -0.4779648
         898200        0.8068068              -0.4784938
         898200        0.8078078              -0.4790180
         898200        0.8088088              -0.4795374
         898200        0.8098098              -0.4800522
         898200        0.8108108              -0.4805622
         898200        0.8118118              -0.4810676
         898200        0.8128128              -0.4815683
         898200        0.8138138              -0.4820645
         898200        0.8148148              -0.4825560
         898200        0.8158158              -0.4830430
         898200        0.8168168              -0.4835254
         898200        0.8178178              -0.4840034
         898200        0.8188188              -0.4844769
         898200        0.8198198              -0.4849459
         898200        0.8208208              -0.4854105
         898200        0.8218218              -0.4858707
         898200        0.8228228              -0.4863266
         898200        0.8238238              -0.4867781
         898200        0.8248248              -0.4872253
         898200        0.8258258              -0.4876681
         898200        0.8268268              -0.4881068
         898200        0.8278278              -0.4885412
         898200        0.8288288              -0.4889713
         898200        0.8298298              -0.4893973
         898200        0.8308308              -0.4898191
         898200        0.8318318              -0.4902368
         898200        0.8328328              -0.4906504
         898200        0.8338338              -0.4910598
         898200        0.8348348              -0.4914653
         898200        0.8358358              -0.4918666
         898200        0.8368368              -0.4922640
         898200        0.8378378              -0.4926574
         898200        0.8388388              -0.4930468
         898200        0.8398398              -0.4934323
         898200        0.8408408              -0.4938139
         898200        0.8418418              -0.4941916
         898200        0.8428428              -0.4945654
         898200        0.8438438              -0.4949354
         898200        0.8448448              -0.4953016
         898200        0.8458458              -0.4956640
         898200        0.8468468              -0.4960227
         898200        0.8478478              -0.4963776
         898200        0.8488488              -0.4967288
         898200        0.8498498              -0.4970763
         898200        0.8508509              -0.4974201
         898200        0.8518519              -0.4977603
         898200        0.8528529              -0.4980969
         898200        0.8538539              -0.4984298
         898200        0.8548549              -0.4987593
         898200        0.8558559              -0.4990851
         898200        0.8568569              -0.4994075
         898200        0.8578579              -0.4997263
         898200        0.8588589              -0.5000417
         898200        0.8598599              -0.5003536
         898200        0.8608609              -0.5006621
         898200        0.8618619              -0.5009672
         898200        0.8628629              -0.5012688
         898200        0.8638639              -0.5015672
         898200        0.8648649              -0.5018621
         898200        0.8658659              -0.5021538
         898200        0.8668669              -0.5024422
         898200        0.8678679              -0.5027273
         898200        0.8688689              -0.5030091
         898200        0.8698699              -0.5032877
         898200        0.8708709              -0.5035631
         898200        0.8718719              -0.5038353
         898200        0.8728729              -0.5041043
         898200        0.8738739              -0.5043702
         898200        0.8748749              -0.5046329
         998000        0.7507508              -0.4272630
         998000        0.7517518              -0.4281455
         998000        0.7527528              -0.4290212
         998000        0.7537538              -0.4298902
         998000        0.7547548              -0.4307526
         998000        0.7557558              -0.4316085
         998000        0.7567568              -0.4324577
         998000        0.7577578              -0.4333005
         998000        0.7587588              -0.4341367
         998000        0.7597598              -0.4349666
         998000        0.7607608              -0.4357900
         998000        0.7617618              -0.4366070
         998000        0.7627628              -0.4374177
         998000        0.7637638              -0.4382221
         998000        0.7647648              -0.4390203
         998000        0.7657658              -0.4398122
         998000        0.7667668              -0.4405980
         998000        0.7677678              -0.4413776
         998000        0.7687688              -0.4421511
         998000        0.7697698              -0.4429185
         998000        0.7707708              -0.4436798
         998000        0.7717718              -0.4444352
         998000        0.7727728              -0.4451846
         998000        0.7737738              -0.4459281
         998000        0.7747748              -0.4466657
         998000        0.7757758              -0.4473975
         998000        0.7767768              -0.4481234
         998000        0.7777778              -0.4488436
         998000        0.7787788              -0.4495580
         998000        0.7797798              -0.4502666
         998000        0.7807808              -0.4509697
         998000        0.7817818              -0.4516671
         998000        0.7827828              -0.4523588
         998000        0.7837838              -0.4530451
         998000        0.7847848              -0.4537258
         998000        0.7857858              -0.4544010
         998000        0.7867868              -0.4550707
         998000        0.7877878              -0.4557350
         998000        0.7887888              -0.4563940
         998000        0.7897898              -0.4570475
         998000        0.7907908              -0.4576958
         998000        0.7917918              -0.4583388
         998000        0.7927928              -0.4589766
         998000        0.7937938              -0.4596091
         998000        0.7947948              -0.4602365
         998000        0.7957958              -0.4608588
         998000        0.7967968              -0.4614759
         998000        0.7977978              -0.4620880
         998000        0.7987988              -0.4626951
         998000        0.7997998              -0.4632972
         998000        0.8008008              -0.4638943
         998000        0.8018018              -0.4644865
         998000        0.8028028              -0.4650738
         998000        0.8038038              -0.4656563
         998000        0.8048048              -0.4662340
         998000        0.8058058              -0.4668070
         998000        0.8068068              -0.4673752
         998000        0.8078078              -0.4679387
         998000        0.8088088              -0.4684975
         998000        0.8098098              -0.4690517
         998000        0.8108108              -0.4696014
         998000        0.8118118              -0.4701465
         998000        0.8128128              -0.4706871
         998000        0.8138138              -0.4712233
         998000        0.8148148              -0.4717550
         998000        0.8158158              -0.4722824
         998000        0.8168168              -0.4728054
         998000        0.8178178              -0.4733240
         998000        0.8188188              -0.4738385
         998000        0.8198198              -0.4743487
         998000        0.8208208              -0.4748547
         998000        0.8218218              -0.4753565
         998000        0.8228228              -0.4758543
         998000        0.8238238              -0.4763480
         998000        0.8248248              -0.4768376
         998000        0.8258258              -0.4773233
         998000        0.8268268              -0.4778051
         998000        0.8278278              -0.4782829
         998000        0.8288288              -0.4787569
         998000        0.8298298              -0.4792270
         998000        0.8308308              -0.4796934
         998000        0.8318318              -0.4801561
         998000        0.8328328              -0.4806151
         998000        0.8338338              -0.4810704
         998000        0.8348348              -0.4815221
         998000        0.8358358              -0.4819703
         998000        0.8368368              -0.4824150
         998000        0.8378378              -0.4828562
         998000        0.8388388              -0.4832939
         998000        0.8398398              -0.4837283
         998000        0.8408408              -0.4841594
         998000        0.8418418              -0.4845871
         998000        0.8428428              -0.4850117
         998000        0.8438438              -0.4854330
         998000        0.8448448              -0.4858511
         998000        0.8458458              -0.4862662
         998000        0.8468468              -0.4866782
         998000        0.8478478              -0.4870872
         998000        0.8488488              -0.4874932
         998000        0.8498498              -0.4878962
         998000        0.8508509              -0.4882964
         998000        0.8518519              -0.4886938
         998000        0.8528529              -0.4890884
         998000        0.8538539              -0.4894802
         998000        0.8548549              -0.4898694
         998000        0.8558559              -0.4902558
         998000        0.8568569              -0.4906397
         998000        0.8578579              -0.4910211
         998000        0.8588589              -0.4913999
         998000        0.8598599              -0.4917763
         998000        0.8608609              -0.4921502
         998000        0.8618619              -0.4925218
         998000        0.8628629              -0.4928910
         998000        0.8638639              -0.4932580
         998000        0.8648649              -0.4936228
         998000        0.8658659              -0.4939853
         998000        0.8668669              -0.4943457
         998000        0.8678679              -0.4947041
         998000        0.8688689              -0.4950603
         998000        0.8698699              -0.4954146
         998000        0.8708709              -0.4957669
         998000        0.8718719              -0.4961173
         998000        0.8728729              -0.4964658
         998000        0.8738739              -0.4968125
         998000        0.8748749              -0.4971574
