              3        0.4984985               0.0094341
              3        0.4994995               0.0031447
              3        0.5005005              -0.0031447
              3        0.5015015              -0.0094341
              3        0.5025025              -0.0157230
              3        0.5035035              -0.0220114
              3        0.5045045              -0.0282989
              3        0.5055055              -0.0345852
              3        0.5065065              -0.0408702
              3        0.5075075              -0.0471536
              3        0.5085085              -0.0534351
              3        0.5095095              -0.0597145
              3        0.5105105              -0.0659915
              3        0.5115115              -0.0722659
              3        0.5125125              -0.0785375
              3        0.5135135              -0.0848059
              3        0.5145145              -0.0910710
              3        0.5155155              -0.0973325
              3        0.5165165              -0.1035902
              3        0.5175175              -0.1098437
              3        0.5185185              -0.1160929
              3        0.5195195              -0.1223375
              3        0.5205205              -0.1285773
              3        0.5215215              -0.1348120
              3        0.5225225              -0.1410413
              3        0.5235235              -0.1472651
              3        0.5245245              -0.1534831
              3        0.5255255              -0.1596949
              3        0.5265265              -0.1659005
              3        0.5275275              -0.1720995
              3        0.5285285              -0.1782917
              3        0.5295295              -0.1844768
              3        0.5305305              -0.1906546
              3        0.5315315              -0.1968249
              3        0.5325325              -0.2029875
              3        0.5335335              -0.2091419
              3        0.5345345              -0.2152881
              3        0.5355355              -0.2214258
              3        0.5365365              -0.2275548
              3        0.5375375              -0.2336747
              3        0.5385385              -0.2397854
              3        0.5395395              -0.2458866
              3        0.5405405              -0.2519781
              3        0.5415415              -0.2580596
              3        0.5425425              -0.2641309
              3        0.5435435              -0.2701917
              3        0.5445445              -0.2762419
              3        0.5455455              -0.2822811
              3        0.5465465              -0.2883092
              3        0.5475475              -0.2943259
              3        0.5485485              -0.3003309
              3        0.5495495              -0.3063240
              3        0.5505506              -0.3123050
              3        0.5515516              -0.3182737
              3        0.5525526              -0.3242298
              3        0.5535536              -0.3301731
              3        0.5545546              -0.3361032
              3        0.5555556              -0.3420201
              3        0.5565566              -0.3479235
              3        0.5575576              -0.3538131
              3        0.5585586              -0.3596887
              3        0.5595596              -0.3655501
              3        0.5605606              -0.3713970
              3        0.5615616              -0.3772293
              3        0.5625626              -0.3830466
              3        0.5635636              -0.3888487
              3        0.5645646              -0.3946355
              3        0.5655656              -0.4004067
              3        0.5665666              -0.4061620
              3        0.5675676              -0.4119012
              3        0.5685686              -0.4176242
              3        0.5695696              -0.4233307
              3        0.5705706              -0.4290204
              3        0.5715716              -0.4346931
              3        0.5725726              -0.4403486
              3        0.5735736              -0.4459867
              3        0.5745746              -0.4516072
              3        0.5755756              -0.4572098
              3        0.5765766              -0.4627943
              3        0.5775776              -0.4683605
              3        0.5785786              -0.4739082
              3        0.5795796              -0.4794372
              3        0.5805806              -0.4849471
              3        0.5815816              -0.4904379
              3        0.5825826              -0.4959093
              3        0.5835836              -0.5013611
              3        0.5845846              -0.5067930
              3        0.5855856              -0.5122049
              3        0.5865866              -0.5175966
              3        0.5875876              -0.5229677
              3        0.5885886              -0.5283182
              3        0.5895896              -0.5336478
              3        0.5905906              -0.5389562
              3        0.5915916              -0.5442434
              3        0.5925926              -0.5495090
              3        0.5935936              -0.5547529
              3        0.5945946              -0.5599748
              3        0.5955956              -0.5651746
              3        0.5965966              -0.5703520
              3        0.5975976              -0.5755069
              3        0.5985986              -0.5806389
              3        0.5995996              -0.5857481
              3        0.6006006              -0.5908340
              3        0.6016016              -0.5958966
              3        0.6026026              -0.6009356
              3        0.6036036              -0.6059509
              3        0.6046046              -0.6109421
              3        0.6056056              -0.6159093
              3        0.6066066              -0.6208520
              3        0.6076076              -0.6257702
              3        0.6086086              -0.6306636
              3        0.6096096              -0.6355321
              3        0.6106106              -0.6403754
              3        0.6116116              -0.6451934
              3        0.6126126              -0.6499859
              3        0.6136136              -0.6547527
              3        0.6146146              -0.6594936
              3        0.6156156              -0.6642084
              3        0.6166166              -0.6688969
              3        0.6176176              -0.6735589
              3        0.6186186              -0.6781943
              3        0.6196196              -0.6828029
              3        0.6206206              -0.6873845
              3        0.6216216              -0.6919389
              3        0.6226226              -0.6964659
              3        0.6236236              -0.7009653
              3        0.6246246              -0.7054371
              3        0.6256256              -0.7098809
              3        0.6266266              -0.7142966
              3        0.6276276              -0.7186841
              3        0.6286286              -0.7230432
              3        0.6296296              -0.7273736
              3        0.6306306              -0.7316753
              3        0.6316316              -0.7359481
              3        0.6326326              -0.7401917
              3        0.6336336              -0.7444060
              3        0.6346346              -0.7485909
              3        0.6356356              -0.7527462
              3        0.6366366              -0.7568718
              3        0.6376376              -0.7609673
              3        0.6386386              -0.7650328
              3        0.6396396              -0.7690680
              3        0.6406406              -0.7730728
              3        0.6416416              -0.7770470
              3        0.6426426              -0.7809905
              3        0.6436436              -0.7849030
              3        0.6446446              -0.7887846
              3        0.6456456              -0.7926349
              3        0.6466466              -0.7964539
              3        0.6476476              -0.8002413
              3        0.6486486              -0.8039971
              3        0.6496496              -0.8077211
              3        0.6506507              -0.8114132
              3        0.6516517              -0.8150731
              3        0.6526527              -0.8187009
              3        0.6536537              -0.8222962
              3        0.6546547              -0.8258590
              3        0.6556557              -0.8293891
              3        0.6566567              -0.8328864
              3        0.6576577              -0.8363508
              3        0.6586587              -0.8397821
              3        0.6596597              -0.8431802
              3        0.6606607              -0.8465449
              3        0.6616617              -0.8498761
              3        0.6626627              -0.8531737
              3        0.6636637              -0.8564376
          99800        0.4984985               0.0078997
          99800        0.4994995               0.0014734
          99800        0.5005005              -0.0049544
          99800        0.5015015              -0.0113833
          99800        0.5025025              -0.0178128
          99800        0.5035035              -0.0242424
          99800        0.5045045              -0.0306714
          99800        0.5055055              -0.0370995
          99800        0.5065065              -0.0435261
          99800        0.5075075              -0.0499506
          99800        0.5085085              -0.0563725
          99800        0.5095095              -0.0627914
          99800        0.5105105              -0.0692067
          99800        0.5115115              -0.0756178
          99800        0.5125125              -0.0820244
          99800        0.5135135              -0.0884257
          99800        0.5145145              -0.0948215
          99800        0.5155155              -0.1012110
          99800        0.5165165              -0.1075939
          99800        0.5175175              -0.1139695
          99800        0.5185185              -0.1203375
          99800        0.5195195              -0.1266973
          99800        0.5205205              -0.1330483
          99800        0.5215215              -0.1393902
          99800        0.5225225              -0.1457224
          99800        0.5235235              -0.1520444
          99800        0.5245245              -0.1583556
          99800        0.5255255              -0.1646558
          99800        0.5265265              -0.1709442
          99800        0.5275275              -0.1772206
          99800        0.5285285              -0.1834843
          99800        0.5295295              -0.1897349
          99800        0.5305305              -0.1959719
          99800        0.5315315              -0.2021950
          99800        0.5325325              -0.2084035
          99800        0.5335335              -0.2145970
          99800        0.5345345              -0.2207751
          99800        0.5355355              -0.2269373
          99800        0.5365365              -0.2330832
          99800        0.5375375              -0.2392123
          99800        0.5385385              -0.2453242
          99800        0.5395395              -0.2514184
          99800        0.5405405              -0.2574945
          99800        0.5415415              -0.2635520
          99800        0.5425425              -0.2695905
          99800        0.5435435              -0.2756097
          99800        0.5445445              -0.2816089
          99800        0.5455455              -0.2875880
          99800        0.5465465              -0.2935463
          99800        0.5475475              -0.2994836
          99800        0.5485485              -0.3053994
          99800        0.5495495              -0.3112933
          99800        0.5505506              -0.3171649
          99800        0.5515516              -0.3230138
          99800        0.5525526              -0.3288396
          99800        0.5535536              -0.3346420
          99800        0.5545546              -0.3404205
          99800        0.5555556              -0.3461748
          99800        0.5565566              -0.3519044
          99800        0.5575576              -0.3576091
          99800        0.5585586              -0.3632885
          99800        0.5595596              -0.3689422
          99800        0.5605606              -0.3745698
          99800        0.5615616              -0.3801711
          99800        0.5625626              -0.3857455
          99800        0.5635636              -0.3912929
          99800        0.5645646              -0.3968129
          99800        0.5655656              -0.4023051
          99800        0.5665666              -0.4077693
          99800        0.5675676              -0.4132050
          99800        0.5685686              -0.4186120
          99800        0.5695696              -0.4239900
          99800        0.5705706              -0.4293386
          99800        0.5715716              -0.4346576
          99800        0.5725726              -0.4399466
          99800        0.5735736              -0.4452054
          99800        0.5745746              -0.4504337
          99800        0.5755756              -0.4556312
          99800        0.5765766              -0.4607976
          99800        0.5775776              -0.4659326
          99800        0.5785786              -0.4710360
          99800        0.5795796              -0.4761075
          99800        0.5805806              -0.4811469
          99800        0.5815816              -0.4861538
          99800        0.5825826              -0.4911281
          99800        0.5835836              -0.4960695
          99800        0.5845846              -0.5009778
          99800        0.5855856              -0.5058527
          99800        0.5865866              -0.5106940
          99800        0.5875876              -0.5155015
          99800        0.5885886              -0.5202749
          99800        0.5895896              -0.5250141
          99800        0.5905906              -0.5297188
          99800        0.5915916              -0.5343889
          99800        0.5925926              -0.5390240
          99800        0.5935936              -0.5436241
          99800        0.5945946              -0.5481890
          99800        0.5955956              -0.5527184
          99800        0.5965966              -0.5572122
          99800        0.5975976              -0.5616702
          99800        0.5985986              -0.5660922
          99800        0.5995996              -0.5704781
          99800        0.6006006              -0.5748277
          99800        0.6016016              -0.5791408
          99800        0.6026026              -0.5834174
          99800        0.6036036              -0.5876572
          99800        0.6046046              -0.5918601
          99800        0.6056056              -0.5960260
          99800        0.6066066              -0.6001547
          99800        0.6076076              -0.6042461
          99800        0.6086086              -0.6083001
          99800        0.6096096              -0.6123165
          99800        0.6106106              -0.6162953
          99800        0.6116116              -0.6202364
          99800        0.6126126              -0.6241395
          99800        0.6136136              -0.6280047
          99800        0.6146146              -0.6318319
          99800        0.6156156              -0.6356208
          99800        0.6166166              -0.6393716
          99800        0.6176176              -0.6430839
          99800        0.6186186              -0.6467579
          99800        0.6196196              -0.6503934
          99800        0.6206206              -0.6539903
          99800        0.6216216              -0.6575485
          99800        0.6226226              -0.6610681
          99800        0.6236236              -0.6645489
          99800        0.6246246              -0.6679909
          99800        0.6256256              -0.6713941
          99800        0.6266266              -0.6747583
          99800        0.6276276              -0.6780835
          99800        0.6286286              -0.6813698
          99800        0.6296296              -0.6846170
          99800        0.6306306              -0.6878252
          99800        0.6316316              -0.6909943
          99800        0.6326326              -0.6941243
          99800        0.6336336              -0.6972151
          99800        0.6346346              -0.7002667
          99800        0.6356356              -0.7032792
          99800        0.6366366              -0.7062525
          99800        0.6376376              -0.7091866
          99800        0.6386386              -0.7120815
          99800        0.6396396              -0.7149373
          99800        0.6406406              -0.7177538
          99800        0.6416416              -0.7205311
          99800        0.6426426              -0.7232693
          99800        0.6436436              -0.7259683
          99800        0.6446446              -0.7286282
          99800        0.6456456              -0.7312489
          99800        0.6466466              -0.7338306
          99800        0.6476476              -0.7363731
          99800        0.6486486              -0.7388766
          99800        0.6496496              -0.7413411
          99800        0.6506507              -0.7437667
          99800        0.6516517              -0.7461532
          99800        0.6526527              -0.7485009
          99800        0.6536537              -0.7508097
          99800        0.6546547              -0.7530797
          99800        0.6556557              -0.7553110
          99800        0.6566567              -0.7575035
          99800        0.6576577              -0.7596574
          99800        0.6586587              -0.7617727
          99800        0.6596597              -0.7638495
          99800        0.6606607              -0.7658878
          99800        0.6616617              -0.7678877
          99800        0.6626627              -0.7698492
          99800        0.6636637              -0.7717723
         199600        0.4984985              -0.0077489
         199600        0.4994995              -0.0132195
         199600        0.5005005              -0.0186933
         199600        0.5015015              -0.0241697
         199600        0.5025025              -0.0296482
         199600        0.5035035              -0.0351282
         199600        0.5045045              -0.0406093
         199600        0.5055055              -0.0460908
         199600        0.5065065              -0.0515724
         199600        0.5075075              -0.0570533
         199600        0.5085085              -0.0625332
         199600        0.5095095              -0.0680115
         199600        0.5105105              -0.0734876
         199600        0.5115115              -0.0789611
         199600        0.5125125              -0.0844314
         199600        0.5135135              -0.0898980
         199600        0.5145145              -0.0953603
         199600        0.5155155              -0.1008179
         199600        0.5165165              -0.1062702
         199600        0.5175175              -0.1117167
         199600        0.5185185              -0.1171569
         199600        0.5195195              -0.1225903
         199600        0.5205205              -0.1280163
         199600        0.5215215              -0.1334344
         199600        0.5225225              -0.1388442
         199600        0.5235235              -0.1442451
         199600        0.5245245              -0.1496366
         199600        0.5255255              -0.1550182
         199600        0.5265265              -0.1603895
         199600        0.5275275              -0.1657498
         199600        0.5285285              -0.1710988
         199600        0.5295295              -0.1764360
         199600        0.5305305              -0.1817608
         199600        0.5315315              -0.1870727
         199600        0.5325325              -0.1923714
         199600        0.5335335              -0.1976563
         199600        0.5345345              -0.2029270
         199600        0.5355355              -0.2081829
         199600        0.5365365              -0.2134236
         199600        0.5375375              -0.2186488
         199600        0.5385385              -0.2238578
         199600        0.5395395              -0.2290503
         199600        0.5405405              -0.2342258
         199600        0.5415415              -0.2393839
         199600        0.5425425              -0.2445241
         199600        0.5435435              -0.2496461
         199600        0.5445445              -0.2547493
         199600        0.5455455              -0.2598334
         199600        0.5465465              -0.2648979
         199600        0.5475475              -0.2699425
         199600        0.5485485              -0.2749667
         199600        0.5495495              -0.2799702
         199600        0.5505506              -0.2849524
         199600        0.5515516              -0.2899132
         199600        0.5525526              -0.2948519
         199600        0.5535536              -0.2997684
         199600        0.5545546              -0.3046622
         199600        0.5555556              -0.3095328
         199600        0.5565566              -0.3143801
         199600        0.5575576              -0.3192036
         199600        0.5585586              -0.3240029
         199600        0.5595596              -0.3287778
         199600        0.5605606              -0.3335278
         199600        0.5615616              -0.3382527
         199600        0.5625626              -0.3429521
         199600        0.5635636              -0.3476257
         199600        0.5645646              -0.3522731
         199600        0.5655656              -0.3568942
         199600        0.5665666              -0.3614884
         199600        0.5675676              -0.3660556
         199600        0.5685686              -0.3705955
         199600        0.5695696              -0.3751078
         199600        0.5705706              -0.3795922
         199600        0.5715716              -0.3840483
         199600        0.5725726              -0.3884761
         199600        0.5735736              -0.3928751
         199600        0.5745746              -0.3972451
         199600        0.5755756              -0.4015859
         199600        0.5765766              -0.4058973
         199600        0.5775776              -0.4101790
         199600        0.5785786              -0.4144307
         199600        0.5795796              -0.4186522
         199600        0.5805806              -0.4228434
         199600        0.5815816              -0.4270040
         199600        0.5825826              -0.4311338
         199600        0.5835836              -0.4352326
         199600        0.5845846              -0.4393001
         199600        0.5855856              -0.4433363
         199600        0.5865866              -0.4473409
         199600        0.5875876              -0.4513138
         199600        0.5885886              -0.4552547
         199600        0.5895896              -0.4591636
         199600        0.5905906              -0.4630401
         199600        0.5915916              -0.4668843
         199600        0.5925926              -0.4706960
         199600        0.5935936              -0.4744749
         199600        0.5945946              -0.4782210
         199600        0.5955956              -0.4819342
         199600        0.5965966              -0.4856143
         199600        0.5975976              -0.4892611
         199600        0.5985986              -0.4928747
         199600        0.5995996              -0.4964548
         199600        0.6006006              -0.5000014
         199600        0.6016016              -0.5035144
         199600        0.6026026              -0.5069937
         199600        0.6036036              -0.5104392
         199600        0.6046046              -0.5138508
         199600        0.6056056              -0.5172285
         199600        0.6066066              -0.5205721
         199600        0.6076076              -0.5238817
         199600        0.6086086              -0.5271571
         199600        0.6096096              -0.5303983
         199600        0.6106106              -0.5336053
         199600        0.6116116              -0.5367780
         199600        0.6126126              -0.5399164
         199600        0.6136136              -0.5430204
         199600        0.6146146              -0.5460900
         199600        0.6156156              -0.5491253
         199600        0.6166166              -0.5521261
         199600        0.6176176              -0.5550925
         199600        0.6186186              -0.5580244
         199600        0.6196196              -0.5609219
         199600        0.6206206              -0.5637850
         199600        0.6216216              -0.5666136
         199600        0.6226226              -0.5694078
         199600        0.6236236              -0.5721675
         199600        0.6246246              -0.5748929
         199600        0.6256256              -0.5775839
         199600        0.6266266              -0.5802405
         199600        0.6276276              -0.5828629
         199600        0.6286286              -0.5854509
         199600        0.6296296              -0.5880048
         199600        0.6306306              -0.5905244
         199600        0.6316316              -0.5930099
         199600        0.6326326              -0.5954613
         199600        0.6336336              -0.5978786
         199600        0.6346346              -0.6002620
         199600        0.6356356              -0.6026115
         199600        0.6366366              -0.6049271
         199600        0.6376376              -0.6072089
         199600        0.6386386              -0.6094571
         199600        0.6396396              -0.6116716
         199600        0.6406406              -0.6138526
         199600        0.6416416              -0.6160001
         199600        0.6426426              -0.6181143
         199600        0.6436436              -0.6201951
         199600        0.6446446              -0.6222428
         199600        0.6456456              -0.6242574
         199600        0.6466466              -0.6262391
         199600        0.6476476              -0.6281878
         199600        0.6486486              -0.6301038
         199600        0.6496496              -0.6319871
         199600        0.6506507              -0.6338378
         199600        0.6516517              -0.6356561
         199600        0.6526527              -0.6374421
         199600        0.6536537              -0.6391959
         199600        0.6546547              -0.6409176
         199600        0.6556557              -0.6426074
         199600        0.6566567              -0.6442653
         199600        0.6576577              -0.6458915
         199600        0.6586587              -0.6474862
         199600        0.6596597              -0.6490494
         199600        0.6606607              -0.6505814
         199600        0.6616617              -0.6520822
         199600        0.6626627              -0.6535519
         199600        0.6636637              -0.6549907
         299400        0.4984985              -0.0260180
         299400        0.4994995              -0.0304518
         299400        0.5005005              -0.0348871
         299400        0.5015015              -0.0393237
         299400        0.5025025              -0.0437612
         299400        0.5035035              -0.0481992
         299400        0.5045045              -0.0526373
         299400        0.5055055              -0.0570752
         299400        0.5065065              -0.0615124
         299400        0.5075075              -0.0659486
         299400        0.5085085              -0.0703834
         299400        0.5095095              -0.0748164
         299400        0.5105105              -0.0792473
         299400        0.5115115              -0.0836756
         299400        0.5125125              -0.0881010
         299400        0.5135135              -0.0925232
         299400        0.5145145              -0.0969416
         299400        0.5155155              -0.1013560
         299400        0.5165165              -0.1057660
         299400        0.5175175              -0.1101711
         299400        0.5185185              -0.1145711
         299400        0.5195195              -0.1189656
         299400        0.5205205              -0.1233541
         299400        0.5215215              -0.1277364
         299400        0.5225225              -0.1321120
         299400        0.5235235              -0.1364805
         299400        0.5245245              -0.1408417
         299400        0.5255255              -0.1451951
         299400        0.5265265              -0.1495404
         299400        0.5275275              -0.1538773
         299400        0.5285285              -0.1582053
         299400        0.5295295              -0.1625241
         299400        0.5305305              -0.1668334
         299400        0.5315315              -0.1711329
         299400        0.5325325              -0.1754220
         299400        0.5335335              -0.1797006
         299400        0.5345345              -0.1839683
         299400        0.5355355              -0.1882248
         299400        0.5365365              -0.1924696
         299400        0.5375375              -0.1967025
         299400        0.5385385              -0.2009231
         299400        0.5395395              -0.2051312
         299400        0.5405405              -0.2093263
         299400        0.5415415              -0.2135082
         299400        0.5425425              -0.2176766
         299400        0.5435435              -0.2218311
         299400        0.5445445              -0.2259714
         299400        0.5455455              -0.2300972
         299400        0.5465465              -0.2342082
         299400        0.5475475              -0.2383042
         299400        0.5485485              -0.2423847
         299400        0.5495495              -0.2464495
         299400        0.5505506              -0.2504984
         299400        0.5515516              -0.2545310
         299400        0.5525526              -0.2585471
         299400        0.5535536              -0.2625463
         299400        0.5545546              -0.2665284
         299400        0.5555556              -0.2704932
         299400        0.5565566              -0.2744403
         299400        0.5575576              -0.2783695
         299400        0.5585586              -0.2822806
         299400        0.5595596              -0.2861732
         299400        0.5605606              -0.2900471
         299400        0.5615616              -0.2939022
         299400        0.5625626              -0.2977380
         299400        0.5635636              -0.3015545
         299400        0.5645646              -0.3053513
         299400        0.5655656              -0.3091283
         299400        0.5665666              -0.3128851
         299400        0.5675676              -0.3166217
         299400        0.5685686              -0.3203377
         299400        0.5695696              -0.3240329
         299400        0.5705706              -0.3277072
         299400        0.5715716              -0.3313604
         299400        0.5725726              -0.3349921
         299400        0.5735736              -0.3386023
         299400        0.5745746              -0.3421908
         299400        0.5755756              -0.3457573
         299400        0.5765766              -0.3493017
         299400        0.5775776              -0.3528237
         299400        0.5785786              -0.3563233
         299400        0.5795796              -0.3598003
         299400        0.5805806              -0.3632544
         299400        0.5815816              -0.3666856
         299400        0.5825826              -0.3700936
         299400        0.5835836              -0.3734783
         299400        0.5845846              -0.3768397
         299400        0.5855856              -0.3801774
         299400        0.5865866              -0.3834914
         299400        0.5875876              -0.3867816
         299400        0.5885886              -0.3900478
         299400        0.5895896              -0.3932898
         299400        0.5905906              -0.3965077
         299400        0.5915916              -0.3997012
         299400        0.5925926              -0.4028702
         299400        0.5935936              -0.4060147
         299400        0.5945946              -0.4091345
         299400        0.5955956              -0.4122295
         299400        0.5965966              -0.4152997
         299400        0.5975976              -0.4183449
         299400        0.5985986              -0.4213651
         299400        0.5995996              -0.4243601
         299400        0.6006006              -0.4273299
         299400        0.6016016              -0.4302745
         299400        0.6026026              -0.4331937
         299400        0.6036036              -0.4360874
         299400        0.6046046              -0.4389557
         299400        0.6056056              -0.4417985
         299400        0.6066066              -0.4446156
         299400        0.6076076              -0.4474071
         299400        0.6086086              -0.4501729
         299400        0.6096096              -0.4529130
         299400        0.6106106              -0.4556273
         299400        0.6116116              -0.4583158
         299400        0.6126126              -0.4609785
         299400        0.6136136              -0.4636153
         299400        0.6146146              -0.4662262
         299400        0.6156156              -0.4688112
         299400        0.6166166              -0.4713703
         299400        0.6176176              -0.4739034
         299400        0.6186186              -0.4764106
         299400        0.6196196              -0.4788919
         299400        0.6206206              -0.4813472
         299400        0.6216216              -0.4837765
         299400        0.6226226              -0.4861800
         299400        0.6236236              -0.4885574
         299400        0.6246246              -0.4909090
         299400        0.6256256              -0.4932347
         299400        0.6266266              -0.4955344
         299400        0.6276276              -0.4978083
         299400        0.6286286              -0.5000564
         299400        0.6296296              -0.5022787
         299400        0.6306306              -0.5044752
         299400        0.6316316              -0.5066459
         299400        0.6326326              -0.5087910
         299400        0.6336336              -0.5109103
         299400        0.6346346              -0.5130041
         299400        0.6356356              -0.5150723
         299400        0.6366366              -0.5171149
         299400        0.6376376              -0.5191321
         299400        0.6386386              -0.5211239
         299400        0.6396396              -0.5230903
         299400        0.6406406              -0.5250315
         299400        0.6416416              -0.5269474
         299400        0.6426426              -0.5288381
         299400        0.6436436              -0.5307037
         299400        0.6446446              -0.5325443
         299400        0.6456456              -0.5343600
         299400        0.6466466              -0.5361508
         299400        0.6476476              -0.5379168
         299400        0.6486486              -0.5396580
         299400        0.6496496              -0.5413747
         299400        0.6506507              -0.5430667
         299400        0.6516517              -0.5447344
         299400        0.6526527              -0.5463776
         299400        0.6536537              -0.5479966
         299400        0.6546547              -0.5495913
         299400        0.6556557              -0.5511620
         299400        0.6566567              -0.5527087
         299400        0.6576577              -0.5542315
         299400        0.6586587              -0.5557305
         299400        0.6596597              -0.5572058
         299400        0.6606607              -0.5586575
         299400        0.6616617              -0.5600857
         299400        0.6626627              -0.5614906
         299400        0.6636637              -0.5628723
         399200        0.4984985              -0.0383995
         399200        0.4994995              -0.0420734
         399200        0.5005005              -0.0457474
         399200        0.5015015              -0.0494215
         399200        0.5025025              -0.0530953
         399200        0.5035035              -0.0567686
         399200        0.5045045              -0.0604411
         399200        0.5055055              -0.0641126
         399200        0.5065065              -0.0677828
         399200        0.5075075              -0.0714514
         399200        0.5085085              -0.0751182
         399200        0.5095095              -0.0787829
         399200        0.5105105              -0.0824454
         399200        0.5115115              -0.0861052
         399200        0.5125125              -0.0897621
         399200        0.5135135              -0.0934160
         399200        0.5145145              -0.0970665
         399200        0.5155155              -0.1007133
         399200        0.5165165              -0.1043563
         399200        0.5175175              -0.1079952
         399200        0.5185185              -0.1116296
         399200        0.5195195              -0.1152595
         399200        0.5205205              -0.1188844
         399200        0.5215215              -0.1225042
         399200        0.5225225              -0.1261186
         399200        0.5235235              -0.1297273
         399200        0.5245245              -0.1333302
         399200        0.5255255              -0.1369269
         399200        0.5265265              -0.1405172
         399200        0.5275275              -0.1441008
         399200        0.5285285              -0.1476776
         399200        0.5295295              -0.1512473
         399200        0.5305305              -0.1548097
         399200        0.5315315              -0.1583644
         399200        0.5325325              -0.1619113
         399200        0.5335335              -0.1654501
         399200        0.5345345              -0.1689806
         399200        0.5355355              -0.1725026
         399200        0.5365365              -0.1760158
         399200        0.5375375              -0.1795200
         399200        0.5385385              -0.1830150
         399200        0.5395395              -0.1865005
         399200        0.5405405              -0.1899764
         399200        0.5415415              -0.1934424
         399200        0.5425425              -0.1968982
         399200        0.5435435              -0.2003438
         399200        0.5445445              -0.2037788
         399200        0.5455455              -0.2072030
         399200        0.5465465              -0.2106163
         399200        0.5475475              -0.2140184
         399200        0.5485485              -0.2174091
         399200        0.5495495              -0.2207883
         399200        0.5505506              -0.2241557
         399200        0.5515516              -0.2275110
         399200        0.5525526              -0.2308542
         399200        0.5535536              -0.2341851
         399200        0.5545546              -0.2375033
         399200        0.5555556              -0.2408089
         399200        0.5565566              -0.2441014
         399200        0.5575576              -0.2473809
         399200        0.5585586              -0.2506470
         399200        0.5595596              -0.2538997
         399200        0.5605606              -0.2571387
         399200        0.5615616              -0.2603639
         399200        0.5625626              -0.2635751
         399200        0.5635636              -0.2667721
         399200        0.5645646              -0.2699547
         399200        0.5655656              -0.2731229
         399200        0.5665666              -0.2762764
         399200        0.5675676              -0.2794150
         399200        0.5685686              -0.2825387
         399200        0.5695696              -0.2856473
         399200        0.5705706              -0.2887406
         399200        0.5715716              -0.2918185
         399200        0.5725726              -0.2948808
         399200        0.5735736              -0.2979274
         399200        0.5745746              -0.3009581
         399200        0.5755756              -0.3039729
         399200        0.5765766              -0.3069715
         399200        0.5775776              -0.3099540
         399200        0.5785786              -0.3129200
         399200        0.5795796              -0.3158696
         399200        0.5805806              -0.3188025
         399200        0.5815816              -0.3217187
         399200        0.5825826              -0.3246180
         399200        0.5835836              -0.3275004
         399200        0.5845846              -0.3303658
         399200        0.5855856              -0.3332139
         399200        0.5865866              -0.3360448
         399200        0.5875876              -0.3388583
         399200        0.5885886              -0.3416543
         399200        0.5895896              -0.3444327
         399200        0.5905906              -0.3471934
         399200        0.5915916              -0.3499365
         399200        0.5925926              -0.3526616
         399200        0.5935936              -0.3553688
         399200        0.5945946              -0.3580581
         399200        0.5955956              -0.3607292
         399200        0.5965966              -0.3633822
         399200        0.5975976              -0.3660169
         399200        0.5985986              -0.3686334
         399200        0.5995996              -0.3712314
         399200        0.6006006              -0.3738111
         399200        0.6016016              -0.3763722
         399200        0.6026026              -0.3789148
         399200        0.6036036              -0.3814388
         399200        0.6046046              -0.3839441
         399200        0.6056056              -0.3864307
         399200        0.6066066              -0.3888985
         399200        0.6076076              -0.3913476
         399200        0.6086086              -0.3937778
         399200        0.6096096              -0.3961890
         399200        0.6106106              -0.3985814
         399200        0.6116116              -0.4009548
         399200        0.6126126              -0.4033093
         399200        0.6136136              -0.4056447
         399200        0.6146146              -0.4079610
         399200        0.6156156              -0.4102583
         399200        0.6166166              -0.4125365
         399200        0.6176176              -0.4147956
         399200        0.6186186              -0.4170356
         399200        0.6196196              -0.4192564
         399200        0.6206206              -0.4214581
         399200        0.6216216              -0.4236406
         399200        0.6226226              -0.4258040
         399200        0.6236236              -0.4279482
         399200        0.6246246              -0.4300732
         399200        0.6256256              -0.4321790
         399200        0.6266266              -0.4342657
         399200        0.6276276              -0.4363332
         399200        0.6286286              -0.4383815
         399200        0.6296296              -0.4404107
         399200        0.6306306              -0.4424208
         399200        0.6316316              -0.4444118
         399200        0.6326326              -0.4463836
         399200        0.6336336              -0.4483364
         399200        0.6346346              -0.4502701
         399200        0.6356356              -0.4521847
         399200        0.6366366              -0.4540804
         399200        0.6376376              -0.4559570
         399200        0.6386386              -0.4578147
         399200        0.6396396              -0.4596534
         399200        0.6406406              -0.4614733
         399200        0.6416416              -0.4632743
         399200        0.6426426              -0.4650565
         399200        0.6436436              -0.4668198
         399200        0.6446446              -0.4685645
         399200        0.6456456              -0.4702904
         399200        0.6466466              -0.4719976
         399200        0.6476476              -0.4736863
         399200        0.6486486              -0.4753564
         399200        0.6496496              -0.4770079
         399200        0.6506507              -0.4786410
         399200        0.6516517              -0.4802557
         399200        0.6526527              -0.4818520
         399200        0.6536537              -0.4834301
         399200        0.6546547              -0.4849898
         399200        0.6556557              -0.4865314
         399200        0.6566567              -0.4880549
         399200        0.6576577              -0.4895603
         399200        0.6586587              -0.4910477
         399200        0.6596597              -0.4925172
         399200        0.6606607              -0.4939688
         399200        0.6616617              -0.4954026
         399200        0.6626627              -0.4968187
         399200        0.6636637              -0.4982171
         499000        0.4984985              -0.0457680
         499000        0.4994995              -0.0489258
         499000        0.5005005              -0.0520830
         499000        0.5015015              -0.0552396
         499000        0.5025025              -0.0583953
         499000        0.5035035              -0.0615500
         499000        0.5045045              -0.0647035
         499000        0.5055055              -0.0678555
         499000        0.5065065              -0.0710059
         499000        0.5075075              -0.0741546
         499000        0.5085085              -0.0773013
         499000        0.5095095              -0.0804459
         499000        0.5105105              -0.0835882
         499000        0.5115115              -0.0867279
         499000        0.5125125              -0.0898650
         499000        0.5135135              -0.0929992
         499000        0.5145145              -0.0961303
         499000        0.5155155              -0.0992583
         499000        0.5165165              -0.1023828
         499000        0.5175175              -0.1055037
         499000        0.5185185              -0.1086208
         499000        0.5195195              -0.1117340
         499000        0.5205205              -0.1148431
         499000        0.5215215              -0.1179479
         499000        0.5225225              -0.1210482
         499000        0.5235235              -0.1241439
         499000        0.5245245              -0.1272347
         499000        0.5255255              -0.1303205
         499000        0.5265265              -0.1334012
         499000        0.5275275              -0.1364765
         499000        0.5285285              -0.1395463
         499000        0.5295295              -0.1426104
         499000        0.5305305              -0.1456686
         499000        0.5315315              -0.1487209
         499000        0.5325325              -0.1517669
         499000        0.5335335              -0.1548066
         499000        0.5345345              -0.1578398
         499000        0.5355355              -0.1608663
         499000        0.5365365              -0.1638860
         499000        0.5375375              -0.1668986
         499000        0.5385385              -0.1699041
         499000        0.5395395              -0.1729023
         499000        0.5405405              -0.1758930
         499000        0.5415415              -0.1788760
         499000        0.5425425              -0.1818513
         499000        0.5435435              -0.1848186
         499000        0.5445445              -0.1877778
         499000        0.5455455              -0.1907288
         499000        0.5465465              -0.1936714
         499000        0.5475475              -0.1966054
         499000        0.5485485              -0.1995308
         499000        0.5495495              -0.2024473
         499000        0.5505506              -0.2053549
         499000        0.5515516              -0.2082533
         499000        0.5525526              -0.2111425
         499000        0.5535536              -0.2140223
         499000        0.5545546              -0.2168926
         499000        0.5555556              -0.2197532
         499000        0.5565566              -0.2226040
         499000        0.5575576              -0.2254449
         499000        0.5585586              -0.2282757
         499000        0.5595596              -0.2310963
         499000        0.5605606              -0.2339066
         499000        0.5615616              -0.2367065
         499000        0.5625626              -0.2394958
         499000        0.5635636              -0.2422745
         499000        0.5645646              -0.2450423
         499000        0.5655656              -0.2477992
         499000        0.5665666              -0.2505451
         499000        0.5675676              -0.2532799
         499000        0.5685686              -0.2560033
         499000        0.5695696              -0.2587154
         499000        0.5705706              -0.2614160
         499000        0.5715716              -0.2641051
         499000        0.5725726              -0.2667824
         499000        0.5735736              -0.2694480
         499000        0.5745746              -0.2721016
         499000        0.5755756              -0.2747432
         499000        0.5765766              -0.2773728
         499000        0.5775776              -0.2799901
         499000        0.5785786              -0.2825952
         499000        0.5795796              -0.2851879
         499000        0.5805806              -0.2877681
         499000        0.5815816              -0.2903358
         499000        0.5825826              -0.2928908
         499000        0.5835836              -0.2954331
         499000        0.5845846              -0.2979626
         499000        0.5855856              -0.3004792
         499000        0.5865866              -0.3029828
         499000        0.5875876              -0.3054734
         499000        0.5885886              -0.3079508
         499000        0.5895896              -0.3104151
         499000        0.5905906              -0.3128661
         499000        0.5915916              -0.3153037
         499000        0.5925926              -0.3177280
         499000        0.5935936              -0.3201388
         499000        0.5945946              -0.3225360
         499000        0.5955956              -0.3249197
         499000        0.5965966              -0.3272897
         499000        0.5975976              -0.3296460
         499000        0.5985986              -0.3319885
         499000        0.5995996              -0.3343172
         499000        0.6006006              -0.3366320
         499000        0.6016016              -0.3389330
         499000        0.6026026              -0.3412199
         499000        0.6036036              -0.3434928
