0.00000000    0.00000000
0.00166945    0.00000000
0.00333890    0.01048927
0.00500835    0.02097738
0.00667780    0.03146318
0.00834725    0.04194552
0.01001669    0.05242325
0.01168614    0.06289521
0.01335559    0.07336024
0.01502504    0.08381721
0.01669449    0.09426496
0.01836394    0.10470233
0.02003339    0.11512818
0.02170284    0.12554137
0.02337229    0.13594074
0.02504174    0.14632515
0.02671119    0.15669347
0.02838063    0.16704454
0.03005008    0.17737724
0.03171953    0.18769042
0.03338898    0.19798294
0.03505843    0.20825369
0.03672788    0.21850152
0.03839733    0.22872530
0.04006678    0.23892393
0.04173623    0.24909626
0.04340568    0.25924119
0.04507513    0.26935759
0.04674457    0.27944436
0.04841402    0.28950038
0.05008347    0.29952454
0.05175292    0.30951576
0.05342237    0.31947291
0.05509182    0.32939492
0.05676127    0.33928068
0.05843072    0.34912911
0.06010017    0.35893913
0.06176962    0.36870965
0.06343907    0.37843961
0.06510851    0.38812792
0.06677796    0.39777354
0.06844741    0.40737538
0.07011686    0.41693241
0.07178631    0.42644356
0.07345576    0.43590779
0.07512521    0.44532405
0.07679466    0.45469132
0.07846411    0.46400856
0.08013356    0.47327475
0.08180301    0.48248886
0.08347245    0.49164989
0.08514190    0.50075682
0.08681135    0.50980865
0.08848080    0.51880440
0.09015025    0.52774305
0.09181970    0.53662364
0.09348915    0.54544519
0.09515860    0.55420673
0.09682805    0.56290728
0.09849750    0.57154590
0.10016694    0.58012164
0.10183639    0.58863354
0.10350584    0.59708068
0.10517529    0.60546213
0.10684474    0.61377695
0.10851419    0.62202425
0.11018364    0.63020310
0.11185309    0.63831261
0.11352254    0.64635190
0.11519199    0.65432006
0.11686144    0.66221623
0.11853088    0.67003954
0.12020033    0.67778913
0.12186978    0.68546414
0.12353923    0.69306373
0.12520868    0.70058707
0.12687813    0.70803332
0.12854758    0.71540167
0.13021703    0.72269130
0.13188648    0.72990142
0.13355593    0.73703123
0.13522538    0.74407994
0.13689482    0.75104679
0.13856427    0.75793099
0.14023372    0.76473181
0.14190317    0.77144848
0.14357262    0.77808028
0.14524207    0.78462646
0.14691152    0.79108631
0.14858097    0.79745912
0.15025042    0.80374419
0.15191987    0.80994082
0.15358932    0.81604834
0.15525876    0.82206607
0.15692821    0.82799335
0.15859766    0.83382953
0.16026711    0.83957396
0.16193656    0.84522602
0.16360601    0.85078508
0.16527546    0.85625053
0.16694491    0.86162177
0.16861436    0.86689820
0.17028381    0.87207925
0.17195326    0.87716435
0.17362270    0.88215294
0.17529215    0.88704447
0.17696160    0.89183839
0.17863105    0.89653419
0.18030050    0.90113135
0.18196995    0.90562935
0.18363940    0.91002772
0.18530885    0.91432595
0.18697830    0.91852358
0.18864775    0.92262015
0.19031720    0.92661521
0.19198664    0.93050831
0.19365609    0.93429903
0.19532554    0.93798695
0.19699499    0.94157167
0.19866444    0.94505279
0.20033389    0.94842992
0.20200334    0.95170271
0.20367279    0.95487078
0.20534224    0.95793378
0.20701169    0.96089139
0.20868114    0.96374327
0.21035058    0.96648912
0.21202003    0.96912862
0.21368948    0.97166149
0.21535893    0.97408746
0.21702838    0.97640624
0.21869783    0.97861760
0.22036728    0.98072128
0.22203673    0.98271705
0.22370618    0.98460470
0.22537563    0.98638401
0.22704508    0.98805479
0.22871452    0.98961686
0.23038397    0.99107005
0.23205342    0.99241419
0.23372287    0.99364914
0.23539232    0.99477475
0.23706177    0.99579092
0.23873122    0.99669752
0.24040067    0.99749446
0.24207012    0.99818164
0.24373957    0.99875900
0.24540902    0.99922646
0.24707846    0.99958398
0.24874791    0.99983152
0.25041736    0.99996905
0.25208681    0.99999656
0.25375626    0.99991404
0.25542571    0.99972150
0.25709516    0.99941897
0.25876461    0.99900647
0.26043406    0.99848405
0.26210351    0.99785177
0.26377295    0.99710970
0.26544240    0.99625792
0.26711185    0.99529653
0.26878130    0.99422562
0.27045075    0.99304532
0.27212020    0.99175576
0.27378965    0.99035708
0.27545910    0.98884943
0.27712855    0.98723298
0.27879800    0.98550791
0.28046745    0.98367440
0.28213689    0.98173267
0.28380634    0.97968291
0.28547579    0.97752537
0.28714524    0.97526026
0.28881469    0.97288786
0.29048414    0.97040840
0.29215359    0.96782218
0.29382304    0.96512947
0.29549249    0.96233057
0.29716194    0.95942578
0.29883139    0.95641543
0.30050083    0.95329985
0.30217028    0.95007938
0.30383973    0.94675438
0.30550918    0.94332520
0.30717863    0.93979224
0.30884808    0.93615587
0.31051753    0.93241649
0.31218698    0.92857453
0.31385643    0.92463040
0.31552588    0.92058453
0.31719533    0.91643737
0.31886477    0.91218938
0.32053422    0.90784102
0.32220367    0.90339278
0.32387312    0.89884513
0.32554257    0.89419859
0.32721202    0.88945366
0.32888147    0.88461087
0.33055092    0.87967075
0.33222037    0.87463383
0.33388982    0.86950069
0.33555927    0.86427187
0.33722871    0.85894796
0.33889816    0.85352954
0.34056761    0.84801721
0.34223706    0.84241158
0.34390651    0.83671326
0.34557596    0.83092287
0.34724541    0.82504106
0.34891486    0.81906847
0.35058431    0.81300577
0.35225376    0.80685361
0.35392321    0.80061267
0.35559265    0.79428364
0.35726210    0.78786722
0.35893155    0.78136412
0.36060100    0.77477504
0.36227045    0.76810071
0.36393990    0.76134187
0.36560935    0.75449927
0.36727880    0.74757364
0.36894825    0.74056577
0.37061770    0.73347641
0.37228715    0.72630635
0.37395659    0.71905637
0.37562604    0.71172728
0.37729549    0.70431988
0.37896494    0.69683498
0.38063439    0.68927342
0.38230384    0.68163601
0.38397329    0.67392361
0.38564274    0.66613705
0.38731219    0.65827720
0.38898164    0.65034492
0.39065109    0.64234109
0.39232053    0.63426658
0.39398998    0.62612229
0.39565943    0.61790910
0.39732888    0.60962792
0.39899833    0.60127967
0.40066778    0.59286527
0.40233723    0.58438563
0.40400668    0.57584169
0.40567613    0.56723439
0.40734558    0.55856469
0.40901503    0.54983352
0.41068447    0.54104186
0.41235392    0.53219067
0.41402337    0.52328092
0.41569282    0.51431360
0.41736227    0.50528969
0.41903172    0.49621018
0.42070117    0.48707608
0.42237062    0.47788838
0.42404007    0.46864810
0.42570952    0.45935626
0.42737896    0.45001388
0.42904841    0.44062198
0.43071786    0.43118160
0.43238731    0.42169378
0.43405676    0.41215956
0.43572621    0.40258000
0.43739566    0.39295614
0.43906511    0.38328904
0.44073456    0.37357977
0.44240401    0.36382939
0.44407346    0.35403899
0.44574290    0.34420963
0.44741235    0.33434239
0.44908180    0.32443837
0.45075125    0.31449866
0.45242070    0.30452434
0.45409015    0.29451651
0.45575960    0.28447628
0.45742905    0.27440475
0.45909850    0.26430303
0.46076795    0.25417222
0.46243740    0.24401345
0.46410684    0.23382783
0.46577629    0.22361649
0.46744574    0.21338054
0.46911519    0.20312111
0.47078464    0.19283933
0.47245409    0.18253634
0.47412354    0.17221326
0.47579299    0.16187123
0.47746244    0.15151139
0.47913189    0.14113489
0.48080134    0.13074285
0.48247078    0.12033643
0.48414023    0.10991677
0.48580968    0.09948501
0.48747913    0.08904231
0.48914858    0.07858981
0.49081803    0.06812866
0.49248748    0.05766002
0.49415693    0.04718503
0.49582638    0.03670486
0.49749583    0.02622064
0.49916528    0.01573354
0.50083472    0.00524470
0.50250417    -.00524470
0.50417362    -.01573354
0.50584307    -.02622064
0.50751252    -.03670486
0.50918197    -.04718503
0.51085142    -.05766002
0.51252087    -.06812866
0.51419032    -.07858981
0.51585977    -.08904231
0.51752922    -.09948501
0.51919866    -.10991677
0.52086811    -.12033643
0.52253756    -.13074285
0.52420701    -.14113489
0.52587646    -.15151139
0.52754591    -.16187123
0.52921536    -.17221326
0.53088481    -.18253634
0.53255426    -.19283933
0.53422371    -.20312111
0.53589316    -.21338054
0.53756260    -.22361649
0.53923205    -.23382783
0.54090150    -.24401345
0.54257095    -.25417222
0.54424040    -.26430303
0.54590985    -.27440475
0.54757930    -.28447628
0.54924875    -.29451651
0.55091820    -.30452434
0.55258765    -.31449866
0.55425710    -.32443837
0.55592654    -.33434239
0.55759599    -.34420963
0.55926544    -.35403899
0.56093489    -.36382939
0.56260434    -.37357977
0.56427379    -.38328904
0.56594324    -.39295614
0.56761269    -.40258000
0.56928214    -.41215956
0.57095159    -.42169378
0.57262104    -.43118160
0.57429048    -.44062198
0.57595993    -.45001388
0.57762938    -.45935626
0.57929883    -.46864810
0.58096828    -.47788838
0.58263773    -.48707608
0.58430718    -.49621018
0.58597663    -.50528969
0.58764608    -.51431360
0.58931553    -.52328092
0.59098497    -.53219067
0.59265442    -.54104186
0.59432387    -.54983352
0.59599332    -.55856469
0.59766277    -.56723439
0.59933222    -.57584169
0.60100167    -.58438563
0.60267112    -.59286527
0.60434057    -.60127967
0.60601002    -.60962792
0.60767947    -.61790910
0.60934891    -.62612229
0.61101836    -.63426658
0.61268781    -.64234109
0.61435726    -.65034492
0.61602671    -.65827720
0.61769616    -.66613705
0.61936561    -.67392361
0.62103506    -.68163601
0.62270451    -.68927342
0.62437396    -.69683498
0.62604341    -.70431988
0.62771285    -.71172728
0.62938230    -.71905637
0.63105175    -.72630635
0.63272120    -.73347641
0.63439065    -.74056577
0.63606010    -.74757364
0.63772955    -.75449927
0.63939900    -.76134187
0.64106845    -.76810071
0.64273790    -.77477504
0.64440735    -.78136412
0.64607679    -.78786722
0.64774624    -.79428364
0.64941569    -.80061267
0.65108514    -.80685361
0.65275459    -.81300577
0.65442404    -.81906847
0.65609349    -.82504106
0.65776294    -.83092287
0.65943239    -.83671326
0.66110184    -.84241158
0.66277129    -.84801721
0.66444073    -.85352954
0.66611018    -.85894796
0.66777963    -.86427187
0.66944908    -.86950069
0.67111853    -.87463383
0.67278798    -.87967075
0.67445743    -.88461087
0.67612688    -.88945366
0.67779633    -.89419859
0.67946578    -.89884513
0.68113523    -.90339278
0.68280467    -.90784102
0.68447412    -.91218938
0.68614357    -.91643737
0.68781302    -.92058453
0.68948247    -.92463040
0.69115192    -.92857453
0.69282137    -.93241649
0.69449082    -.93615587
0.69616027    -.93979224
0.69782972    -.94332520
0.69949917    -.94675438
0.70116861    -.95007938
0.70283806    -.95329985
0.70450751    -.95641543
0.70617696    -.95942578
0.70784641    -.96233057
0.70951586    -.96512947
0.71118531    -.96782218
0.71285476    -.97040840
0.71452421    -.97288786
0.71619366    -.97526026
0.71786311    -.97752537
0.71953255    -.97968291
0.72120200    -.98173267
0.72287145    -.98367440
0.72454090    -.98550791
0.72621035    -.98723298
0.72787980    -.98884943
0.72954925    -.99035708
0.73121870    -.99175576
0.73288815    -.99304532
0.73455760    -.99422562
0.73622705    -.99529653
0.73789649    -.99625792
0.73956594    -.99710970
0.74123539    -.99785177
0.74290484    -.99848405
0.74457429    -.99900647
0.74624374    -.99941897
0.74791319    -.99972150
0.74958264    -.99991404
0.75125209    -.99999656
0.75292154    -.99996905
0.75459098    -.99983152
0.75626043    -.99958398
0.75792988    -.99922646
0.75959933    -.99875900
0.76126878    -.99818164
0.76293823    -.99749446
0.76460768    -.99669752
0.76627713    -.99579092
0.76794658    -.99477475
0.76961603    -.99364914
0.77128548    -.99241419
0.77295492    -.99107005
0.77462437    -.98961686
0.77629382    -.98805479
0.77796327    -.98638401
0.77963272    -.98460470
0.78130217    -.98271705
0.78297162    -.98072128
0.78464107    -.97861760
0.78631052    -.97640624
0.78797997    -.97408746
0.78964942    -.97166149
0.79131886    -.96912862
0.79298831    -.96648912
0.79465776    -.96374327
0.79632721    -.96089139
0.79799666    -.95793378
0.79966611    -.95487078
0.80133556    -.95170271
0.80300501    -.94842992
0.80467446    -.94505279
0.80634391    -.94157167
0.80801336    -.93798695
0.80968280    -.93429903
0.81135225    -.93050831
0.81302170    -.92661521
0.81469115    -.92262015
0.81636060    -.91852358
0.81803005    -.91432595
0.81969950    -.91002772
0.82136895    -.90562935
0.82303840    -.90113135
0.82470785    -.89653419
0.82637730    -.89183839
0.82804674    -.88704447
0.82971619    -.88215294
0.83138564    -.87716435
0.83305509    -.87207925
0.83472454    -.86689820
0.83639399    -.86162177
0.83806344    -.85625053
0.83973289    -.85078508
0.84140234    -.84522602
0.84307179    -.83957396
0.84474124    -.83382953
0.84641068    -.82799335
0.84808013    -.82206607
0.84974958    -.81604834
0.85141903    -.80994082
0.85308848    -.80374419
0.85475793    -.79745912
0.85642738    -.79108631
0.85809683    -.78462646
0.85976628    -.77808028
0.86143573    -.77144848
0.86310518    -.76473181
0.86477462    -.75793099
0.86644407    -.75104679
0.86811352    -.74407994
0.86978297    -.73703123
0.87145242    -.72990142
0.87312187    -.72269130
0.87479132    -.71540167
0.87646077    -.70803332
0.87813022    -.70058707
0.87979967    -.69306373
0.88146912    -.68546414
0.88313856    -.67778913
0.88480801    -.67003954
0.88647746    -.66221623
0.88814691    -.65432006
0.88981636    -.64635190
0.89148581    -.63831261
0.89315526    -.63020310
0.89482471    -.62202425
0.89649416    -.61377695
0.89816361    -.60546213
0.89983306    -.59708068
0.90150250    -.58863354
0.90317195    -.58012164
0.90484140    -.57154590
0.90651085    -.56290728
0.90818030    -.55420673
0.90984975    -.54544519
0.91151920    -.53662364
0.91318865    -.52774305
0.91485810    -.51880440
0.91652755    -.50980865
0.91819699    -.50075682
0.91986644    -.49164989
0.92153589    -.48248886
0.92320534    -.47327475
0.92487479    -.46400856
0.92654424    -.45469132
0.92821369    -.44532405
0.92988314    -.43590779
0.93155259    -.42644356
0.93322204    -.41693241
0.93489149    -.40737538
0.93656093    -.39777354
0.93823038    -.38812792
0.93989983    -.37843961
0.94156928    -.36870965
0.94323873    -.35893913
0.94490818    -.34912911
0.94657763    -.33928068
0.94824708    -.32939492
0.94991653    -.31947291
0.95158598    -.30951576
0.95325543    -.29952454
0.95492487    -.28950038
0.95659432    -.27944436
0.95826377    -.26935759
0.95993322    -.25924119
0.96160267    -.24909626
0.96327212    -.23892393
0.96494157    -.22872530
0.96661102    -.21850152
0.96828047    -.20825369
0.96994992    -.19798294
0.97161937    -.18769042
0.97328881    -.17737724
0.97495826    -.16704454
0.97662771    -.15669347
0.97829716    -.14632515
0.97996661    -.13594074
0.98163606    -.12554137
0.98330551    -.11512818
0.98497496    -.10470233
0.98664441    -.09426496
0.98831386    -.08381721
0.98998331    -.07336024
0.99165275    -.06289521
0.99332220    -.05242325
0.99499165    -.04194552
0.99666110    -.03146318
0.99833055    -.02097738
1.00000000    -.01048927
