              0        0.0000000        0.0000000
              0        0.0000000        0.0000000
              0        0.0010010        0.0062894
              0        0.0020020        0.0125786
              0        0.0030030        0.0188673
              0        0.0040040        0.0251552
              0        0.0050050        0.0314422
              0        0.0060060        0.0377279
              0        0.0070070        0.0440121
              0        0.0080080        0.0502946
              0        0.0090090        0.0565750
              0        0.0100100        0.0628533
              0        0.0110110        0.0691290
              0        0.0120120        0.0754021
              0        0.0130130        0.0816721
              0        0.0140140        0.0879389
              0        0.0150150        0.0942022
              0        0.0160160        0.1004618
              0        0.0170170        0.1067175
              0        0.0180180        0.1129689
              0        0.0190190        0.1192158
              0        0.0200200        0.1254580
              0        0.0210210        0.1316953
              0        0.0220220        0.1379273
              0        0.0230230        0.1441539
              0        0.0240240        0.1503748
              0        0.0250250        0.1565898
              0        0.0260260        0.1627985
              0        0.0270270        0.1690008
              0        0.0280280        0.1751964
              0        0.0290290        0.1813851
              0        0.0300300        0.1875667
              0        0.0310310        0.1937408
              0        0.0320320        0.1999072
              0        0.0330330        0.2060657
              0        0.0340340        0.2122161
              0        0.0350350        0.2183581
              0        0.0360360        0.2244914
              0        0.0370370        0.2306159
              0        0.0380380        0.2367312
              0        0.0390390        0.2428372
              0        0.0400400        0.2489336
              0        0.0410410        0.2550201
              0        0.0420420        0.2610965
              0        0.0430430        0.2671626
              0        0.0440440        0.2732182
              0        0.0450450        0.2792629
              0        0.0460460        0.2852966
              0        0.0470470        0.2913190
              0        0.0480480        0.2973298
              0        0.0490490        0.3033289
              0        0.0500501        0.3093161
              0        0.0510511        0.3152909
              0        0.0520521        0.3212533
              0        0.0530531        0.3272030
              0        0.0540541        0.3331398
              0        0.0550551        0.3390634
              0        0.0560561        0.3449735
              0        0.0570571        0.3508701
              0        0.0580581        0.3567527
              0        0.0590591        0.3626212
              0        0.0600601        0.3684754
              0        0.0610611        0.3743150
              0        0.0620621        0.3801398
              0        0.0630631        0.3859496
              0        0.0640641        0.3917441
              0        0.0650651        0.3975231
              0        0.0660661        0.4032863
              0        0.0670671        0.4090336
              0        0.0680681        0.4147648
              0        0.0690691        0.4204795
              0        0.0700701        0.4261776
              0        0.0710711        0.4318589
              0        0.0720721        0.4375230
              0        0.0730731        0.4431699
              0        0.0740741        0.4487992
              0        0.0750751        0.4544107
              0        0.0760761        0.4600043
              0        0.0770771        0.4655797
              0        0.0780781        0.4711367
              0        0.0790791        0.4766750
              0        0.0800801        0.4821945
              0        0.0810811        0.4876949
              0        0.0820821        0.4931761
              0        0.0830831        0.4986377
              0        0.0840841        0.5040796
              0        0.0850851        0.5095015
              0        0.0860861        0.5149033
              0        0.0870871        0.5202847
              0        0.0880881        0.5256456
              0        0.0890891        0.5309856
              0        0.0900901        0.5363046
              0        0.0910911        0.5416025
              0        0.0920921        0.5468789
              0        0.0930931        0.5521336
              0        0.0940941        0.5573666
              0        0.0950951        0.5625775
              0        0.0960961        0.5677661
              0        0.0970971        0.5729323
              0        0.0980981        0.5780758
              0        0.0990991        0.5831964
              0        0.1001001        0.5882940
              0        0.1011011        0.5933683
              0        0.1021021        0.5984191
              0        0.1031031        0.6034462
              0        0.1041041        0.6084495
              0        0.1051051        0.6134287
              0        0.1061061        0.6183837
              0        0.1071071        0.6233142
              0        0.1081081        0.6282200
              0        0.1091091        0.6331010
              0        0.1101101        0.6379569
              0        0.1111111        0.6427876
              0        0.1121121        0.6475929
              0        0.1131131        0.6523725
              0        0.1141141        0.6571264
              0        0.1151151        0.6618542
              0        0.1161161        0.6665559
              0        0.1171171        0.6712312
              0        0.1181181        0.6758800
              0        0.1191191        0.6805020
              0        0.1201201        0.6850971
              0        0.1211211        0.6896651
              0        0.1221221        0.6942058
              0        0.1231231        0.6987191
              0        0.1241241        0.7032047
              0        0.1251251        0.7076625
              0        0.1261261        0.7120923
              0        0.1271271        0.7164939
              0        0.1281281        0.7208672
              0        0.1291291        0.7252120
              0        0.1301301        0.7295281
              0        0.1311311        0.7338153
              0        0.1321321        0.7380735
              0        0.1331331        0.7423025
              0        0.1341341        0.7465022
              0        0.1351351        0.7506723
              0        0.1361361        0.7548127
              0        0.1371371        0.7589233
              0        0.1381381        0.7630038
              0        0.1391391        0.7670542
              0        0.1401401        0.7710742
              0        0.1411411        0.7750637
              0        0.1421421        0.7790226
              0        0.1431431        0.7829506
              0        0.1441441        0.7868477
              0        0.1451451        0.7907136
              0        0.1461461        0.7945483
              0        0.1471471        0.7983515
              0        0.1481481        0.8021232
              0        0.1491491        0.8058631
              0        0.1501502        0.8095712
              0        0.1511512        0.8132472
              0        0.1521522        0.8168910
              0        0.1531532        0.8205026
              0        0.1541542        0.8240817
              0        0.1551552        0.8276281
              0        0.1561562        0.8311419
              0        0.1571572        0.8346227
              0        0.1581582        0.8380706
              0        0.1591592        0.8414853
              0        0.1601602        0.8448667
              0        0.1611612        0.8482147
              0        0.1621622        0.8515291
              0        0.1631632        0.8548099
              0        0.1641642        0.8580568
              0        0.1651652        0.8612698
              0        0.1661662        0.8644488
              0        0.1671672        0.8675935
              0        0.1681682        0.8707039
              0        0.1691692        0.8737799
              0        0.1701702        0.8768213
              0        0.1711712        0.8798280
              0        0.1721722        0.8827999
              0        0.1731732        0.8857369
              0        0.1741742        0.8886389
              0        0.1751752        0.8915057
              0        0.1761762        0.8943372
              0        0.1771772        0.8971334
              0        0.1781782        0.8998941
              0        0.1791792        0.9026191
              0        0.1801802        0.9053085
              0        0.1811812        0.9079621
              0        0.1821822        0.9105797
              0        0.1831832        0.9131613
              0        0.1841842        0.9157068
              0        0.1851852        0.9182161
              0        0.1861862        0.9206891
              0        0.1871872        0.9231256
              0        0.1881882        0.9255256
              0        0.1891892        0.9278890
              0        0.1901902        0.9302157
              0        0.1911912        0.9325056
              0        0.1921922        0.9347587
              0        0.1931932        0.9369747
              0        0.1941942        0.9391537
              0        0.1951952        0.9412955
              0        0.1961962        0.9434001
              0        0.1971972        0.9454674
              0        0.1981982        0.9474972
              0        0.1991992        0.9494896
              0        0.2002002        0.9514445
              0        0.2012012        0.9533617
              0        0.2022022        0.9552412
              0        0.2032032        0.9570829
              0        0.2042042        0.9588867
              0        0.2052052        0.9606526
              0        0.2062062        0.9623805
              0        0.2072072        0.9640703
              0        0.2082082        0.9657220
              0        0.2092092        0.9673355
              0        0.2102102        0.9689108
              0        0.2112112        0.9704477
              0        0.2122122        0.9719462
              0        0.2132132        0.9734063
              0        0.2142142        0.9748278
              0        0.2152152        0.9762109
              0        0.2162162        0.9775552
              0        0.2172172        0.9788610
              0        0.2182182        0.9801280
              0        0.2192192        0.9813562
              0        0.2202202        0.9825456
              0        0.2212212        0.9836961
              0        0.2222222        0.9848078
              0        0.2232232        0.9858804
              0        0.2242242        0.9869141
              0        0.2252252        0.9879087
              0        0.2262262        0.9888643
              0        0.2272272        0.9897807
              0        0.2282282        0.9906580
              0        0.2292292        0.9914961
              0        0.2302302        0.9922950
              0        0.2312312        0.9930546
              0        0.2322322        0.9937749
              0        0.2332332        0.9944560
              0        0.2342342        0.9950976
              0        0.2352352        0.9957000
              0        0.2362362        0.9962629
              0        0.2372372        0.9967864
              0        0.2382382        0.9972705
              0        0.2392392        0.9977152
              0        0.2402402        0.9981204
              0        0.2412412        0.9984861
              0        0.2422422        0.9988123
              0        0.2432432        0.9990990
              0        0.2442442        0.9993461
              0        0.2452452        0.9995538
              0        0.2462462        0.9997219
              0        0.2472472        0.9998504
              0        0.2482482        0.9999394
              0        0.2492492        0.9999889
              0        0.2502503        0.9999988
              0        0.2512513        0.9999691
              0        0.2522523        0.9998999
              0        0.2532533        0.9997911
              0        0.2542543        0.9996428
              0        0.2552553        0.9994549
              0        0.2562563        0.9992275
              0        0.2572573        0.9989606
              0        0.2582583        0.9986541
              0        0.2592593        0.9983082
              0        0.2602603        0.9979227
              0        0.2612613        0.9974978
              0        0.2622623        0.9970334
              0        0.2632633        0.9965296
              0        0.2642643        0.9959864
              0        0.2652653        0.9954037
              0        0.2662663        0.9947817
              0        0.2672673        0.9941204
              0        0.2682683        0.9934197
              0        0.2692693        0.9926797
              0        0.2702703        0.9919004
              0        0.2712713        0.9910819
              0        0.2722723        0.9902243
              0        0.2732733        0.9893274
              0        0.2742743        0.9883914
              0        0.2752753        0.9874163
              0        0.2762763        0.9864021
              0        0.2772773        0.9853490
              0        0.2782783        0.9842568
              0        0.2792793        0.9831257
              0        0.2802803        0.9819557
              0        0.2812813        0.9807469
              0        0.2822823        0.9794993
              0        0.2832833        0.9782129
              0        0.2842843        0.9768879
              0        0.2852853        0.9755242
              0        0.2862863        0.9741219
              0        0.2872873        0.9726811
              0        0.2882883        0.9712018
              0        0.2892893        0.9696840
              0        0.2902903        0.9681280
              0        0.2912913        0.9665336
              0        0.2922923        0.9649010
              0        0.2932933        0.9632302
              0        0.2942943        0.9615213
              0        0.2952953        0.9597744
              0        0.2962963        0.9579895
              0        0.2972973        0.9561667
              0        0.2982983        0.9543061
              0        0.2992993        0.9524078
              0        0.3003003        0.9504718
              0        0.3013013        0.9484981
              0        0.3023023        0.9464870
              0        0.3033033        0.9444384
              0        0.3043043        0.9423525
              0        0.3053053        0.9402292
              0        0.3063063        0.9380688
              0        0.3073073        0.9358713
              0        0.3083083        0.9336368
              0        0.3093093        0.9313653
              0        0.3103103        0.9290570
              0        0.3113113        0.9267119
              0        0.3123123        0.9243302
              0        0.3133133        0.9219119
              0        0.3143143        0.9194571
              0        0.3153153        0.9169660
              0        0.3163163        0.9144386
              0        0.3173173        0.9118750
              0        0.3183183        0.9092754
              0        0.3193193        0.9066398
              0        0.3203203        0.9039683
              0        0.3213213        0.9012610
              0        0.3223223        0.8985182
              0        0.3233233        0.8957397
              0        0.3243243        0.8929259
              0        0.3253253        0.8900767
              0        0.3263263        0.8871923
              0        0.3273273        0.8842728
              0        0.3283283        0.8813183
              0        0.3293293        0.8783290
              0        0.3303303        0.8753049
              0        0.3313313        0.8722462
              0        0.3323323        0.8691530
              0        0.3333333        0.8660254
              1        0.3323323        0.8691530
              1        0.3333333        0.8660254
              1        0.3343343        0.8628636
              1        0.3353353        0.8596676
              1        0.3363363        0.8564376
              1        0.3373373        0.8531737
              1        0.3383383        0.8498761
              1        0.3393393        0.8465449
              1        0.3403403        0.8431802
              1        0.3413413        0.8397821
              1        0.3423423        0.8363508
              1        0.3433433        0.8328864
              1        0.3443443        0.8293891
              1        0.3453453        0.8258590
              1        0.3463463        0.8222962
              1        0.3473473        0.8187009
              1        0.3483483        0.8150731
              1        0.3493493        0.8114132
              1        0.3503504        0.8077211
              1        0.3513514        0.8039971
              1        0.3523524        0.8002413
              1        0.3533534        0.7964539
              1        0.3543544        0.7926349
              1        0.3553554        0.7887846
              1        0.3563564        0.7849030
              1        0.3573574        0.7809905
              1        0.3583584        0.7770470
              1        0.3593594        0.7730728
              1        0.3603604        0.7690680
              1        0.3613614        0.7650328
              1        0.3623624        0.7609673
              1        0.3633634        0.7568718
              1        0.3643644        0.7527462
              1        0.3653654        0.7485909
              1        0.3663664        0.7444060
              1        0.3673674        0.7401917
              1        0.3683684        0.7359481
              1        0.3693694        0.7316753
              1        0.3703704        0.7273736
              1        0.3713714        0.7230432
              1        0.3723724        0.7186841
              1        0.3733734        0.7142966
              1        0.3743744        0.7098809
              1        0.3753754        0.7054371
              1        0.3763764        0.7009653
              1        0.3773774        0.6964659
              1        0.3783784        0.6919389
              1        0.3793794        0.6873845
              1        0.3803804        0.6828029
              1        0.3813814        0.6781943
              1        0.3823824        0.6735589
              1        0.3833834        0.6688969
              1        0.3843844        0.6642084
              1        0.3853854        0.6594936
              1        0.3863864        0.6547527
              1        0.3873874        0.6499859
              1        0.3883884        0.6451934
              1        0.3893894        0.6403754
              1        0.3903904        0.6355321
              1        0.3913914        0.6306636
              1        0.3923924        0.6257702
              1        0.3933934        0.6208520
              1        0.3943944        0.6159093
              1        0.3953954        0.6109421
              1        0.3963964        0.6059509
              1        0.3973974        0.6009356
              1        0.3983984        0.5958966
              1        0.3993994        0.5908340
              1        0.4004004        0.5857481
              1        0.4014014        0.5806389
              1        0.4024024        0.5755069
              1        0.4034034        0.5703520
              1        0.4044044        0.5651746
              1        0.4054054        0.5599748
              1        0.4064064        0.5547529
              1        0.4074074        0.5495090
              1        0.4084084        0.5442434
              1        0.4094094        0.5389562
              1        0.4104104        0.5336478
              1        0.4114114        0.5283182
              1        0.4124124        0.5229677
              1        0.4134134        0.5175966
              1        0.4144144        0.5122049
              1        0.4154154        0.5067930
              1        0.4164164        0.5013611
              1        0.4174174        0.4959093
              1        0.4184184        0.4904379
              1        0.4194194        0.4849471
              1        0.4204204        0.4794372
              1        0.4214214        0.4739082
              1        0.4224224        0.4683605
              1        0.4234234        0.4627943
              1        0.4244244        0.4572098
              1        0.4254254        0.4516072
              1        0.4264264        0.4459867
              1        0.4274274        0.4403486
              1        0.4284284        0.4346931
              1        0.4294294        0.4290204
              1        0.4304304        0.4233307
              1        0.4314314        0.4176242
              1        0.4324324        0.4119012
              1        0.4334334        0.4061620
              1        0.4344344        0.4004067
              1        0.4354354        0.3946355
              1        0.4364364        0.3888487
              1        0.4374374        0.3830466
              1        0.4384384        0.3772293
              1        0.4394394        0.3713970
              1        0.4404404        0.3655501
              1        0.4414414        0.3596887
              1        0.4424424        0.3538131
              1        0.4434434        0.3479235
              1        0.4444444        0.3420201
              1        0.4454454        0.3361032
              1        0.4464464        0.3301731
              1        0.4474474        0.3242298
              1        0.4484484        0.3182737
              1        0.4494494        0.3123050
              1        0.4504505        0.3063240
              1        0.4514515        0.3003309
              1        0.4524525        0.2943259
              1        0.4534535        0.2883092
              1        0.4544545        0.2822811
              1        0.4554555        0.2762419
              1        0.4564565        0.2701917
              1        0.4574575        0.2641309
              1        0.4584585        0.2580596
              1        0.4594595        0.2519781
              1        0.4604605        0.2458866
              1        0.4614615        0.2397854
              1        0.4624625        0.2336747
              1        0.4634635        0.2275548
              1        0.4644645        0.2214258
              1        0.4654655        0.2152881
              1        0.4664665        0.2091419
              1        0.4674675        0.2029875
              1        0.4684685        0.1968249
              1        0.4694695        0.1906546
              1        0.4704705        0.1844768
              1        0.4714715        0.1782917
              1        0.4724725        0.1720995
              1        0.4734735        0.1659005
              1        0.4744745        0.1596949
              1        0.4754755        0.1534831
              1        0.4764765        0.1472651
              1        0.4774775        0.1410413
              1        0.4784785        0.1348120
              1        0.4794795        0.1285773
              1        0.4804805        0.1223375
              1        0.4814815        0.1160929
              1        0.4824825        0.1098437
              1        0.4834835        0.1035902
              1        0.4844845        0.0973325
              1        0.4854855        0.0910710
              1        0.4864865        0.0848059
              1        0.4874875        0.0785375
              1        0.4884885        0.0722659
              1        0.4894895        0.0659915
              1        0.4904905        0.0597145
              1        0.4914915        0.0534351
              1        0.4924925        0.0471536
              1        0.4934935        0.0408702
              1        0.4944945        0.0345852
              1        0.4954955        0.0282989
              1        0.4964965        0.0220114
              1        0.4974975        0.0157230
              1        0.4984985        0.0094341
              1        0.4994995        0.0031447
              1        0.5005005       -0.0031447
              1        0.5015015       -0.0094341
              1        0.5025025       -0.0157230
              1        0.5035035       -0.0220114
              1        0.5045045       -0.0282989
              1        0.5055055       -0.0345852
              1        0.5065065       -0.0408702
              1        0.5075075       -0.0471536
              1        0.5085085       -0.0534351
              1        0.5095095       -0.0597145
              1        0.5105105       -0.0659915
              1        0.5115115       -0.0722659
              1        0.5125125       -0.0785375
              1        0.5135135       -0.0848059
              1        0.5145145       -0.0910710
              1        0.5155155       -0.0973325
              1        0.5165165       -0.1035902
              1        0.5175175       -0.1098437
              1        0.5185185       -0.1160929
              1        0.5195195       -0.1223375
              1        0.5205205       -0.1285773
              1        0.5215215       -0.1348120
              1        0.5225225       -0.1410413
              1        0.5235235       -0.1472651
              1        0.5245245       -0.1534831
              1        0.5255255       -0.1596949
              1        0.5265265       -0.1659005
              1        0.5275275       -0.1720995
              1        0.5285285       -0.1782917
              1        0.5295295       -0.1844768
              1        0.5305305       -0.1906546
              1        0.5315315       -0.1968249
              1        0.5325325       -0.2029875
              1        0.5335335       -0.2091419
              1        0.5345345       -0.2152881
              1        0.5355355       -0.2214258
              1        0.5365365       -0.2275548
              1        0.5375375       -0.2336747
              1        0.5385385       -0.2397854
              1        0.5395395       -0.2458866
              1        0.5405405       -0.2519781
              1        0.5415415       -0.2580596
              1        0.5425425       -0.2641309
              1        0.5435435       -0.2701917
              1        0.5445445       -0.2762419
              1        0.5455455       -0.2822811
              1        0.5465465       -0.2883092
              1        0.5475475       -0.2943259
              1        0.5485485       -0.3003309
              1        0.5495495       -0.3063240
              1        0.5505506       -0.3123050
              1        0.5515516       -0.3182737
              1        0.5525526       -0.3242298
              1        0.5535536       -0.3301731
              1        0.5545546       -0.3361032
              1        0.5555556       -0.3420201
              1        0.5565566       -0.3479235
              1        0.5575576       -0.3538131
              1        0.5585586       -0.3596887
              1        0.5595596       -0.3655501
              1        0.5605606       -0.3713970
              1        0.5615616       -0.3772293
              1        0.5625626       -0.3830466
              1        0.5635636       -0.3888487
              1        0.5645646       -0.3946355
              1        0.5655656       -0.4004067
              1        0.5665666       -0.4061620
              1        0.5675676       -0.4119012
              1        0.5685686       -0.4176242
              1        0.5695696       -0.4233307
              1        0.5705706       -0.4290204
              1        0.5715716       -0.4346931
              1        0.5725726       -0.4403486
              1        0.5735736       -0.4459867
              1        0.5745746       -0.4516072
              1        0.5755756       -0.4572098
              1        0.5765766       -0.4627943
              1        0.5775776       -0.4683605
              1        0.5785786       -0.4739082
              1        0.5795796       -0.4794372
              1        0.5805806       -0.4849471
              1        0.5815816       -0.4904379
              1        0.5825826       -0.4959093
              1        0.5835836       -0.5013611
              1        0.5845846       -0.5067930
              1        0.5855856       -0.5122049
              1        0.5865866       -0.5175966
              1        0.5875876       -0.5229677
              1        0.5885886       -0.5283182
              1        0.5895896       -0.5336478
              1        0.5905906       -0.5389562
              1        0.5915916       -0.5442434
              1        0.5925926       -0.5495090
              1        0.5935936       -0.5547529
              1        0.5945946       -0.5599748
              1        0.5955956       -0.5651746
              1        0.5965966       -0.5703520
              1        0.5975976       -0.5755069
              1        0.5985986       -0.5806389
              1        0.5995996       -0.5857481
              1        0.6006006       -0.5908340
              1        0.6016016       -0.5958966
              1        0.6026026       -0.6009356
              1        0.6036036       -0.6059509
              1        0.6046046       -0.6109421
              1        0.6056056       -0.6159093
              1        0.6066066       -0.6208520
              1        0.6076076       -0.6257702
              1        0.6086086       -0.6306636
              1        0.6096096       -0.6355321
              1        0.6106106       -0.6403754
              1        0.6116116       -0.6451934
              1        0.6126126       -0.6499859
              1        0.6136136       -0.6547527
              1        0.6146146       -0.6594936
              1        0.6156156       -0.6642084
              1        0.6166166       -0.6688969
              1        0.6176176       -0.6735589
              1        0.6186186       -0.6781943
              1        0.6196196       -0.6828029
              1        0.6206206       -0.6873845
              1        0.6216216       -0.6919389
              1        0.6226226       -0.6964659
              1        0.6236236       -0.7009653
              1        0.6246246       -0.7054371
              1        0.6256256       -0.7098809
              1        0.6266266       -0.7142966
              1        0.6276276       -0.7186841
              1        0.6286286       -0.7230432
              1        0.6296296       -0.7273736
              1        0.6306306       -0.7316753
              1        0.6316316       -0.7359481
              1        0.6326326       -0.7401917
              1        0.6336336       -0.7444060
              1        0.6346346       -0.7485909
              1        0.6356356       -0.7527462
              1        0.6366366       -0.7568718
              1        0.6376376       -0.7609673
              1        0.6386386       -0.7650328
              1        0.6396396       -0.7690680
              1        0.6406406       -0.7730728
              1        0.6416416       -0.7770470
              1        0.6426426       -0.7809905
              1        0.6436436       -0.7849030
              1        0.6446446       -0.7887846
              1        0.6456456       -0.7926349
              1        0.6466466       -0.7964539
              1        0.6476476       -0.8002413
              1        0.6486486       -0.8039971
              1        0.6496496       -0.8077211
              1        0.6506507       -0.8114132
              1        0.6516517       -0.8150731
              1        0.6526527       -0.8187009
              1        0.6536537       -0.8222962
              1        0.6546547       -0.8258590
              1        0.6556557       -0.8293891
              1        0.6566567       -0.8328864
              1        0.6576577       -0.8363508
              1        0.6586587       -0.8397821
              1        0.6596597       -0.8431802
              1        0.6606607       -0.8465449
              1        0.6616617       -0.8498761
              1        0.6626627       -0.8531737
              1        0.6636637       -0.8564376
              1        0.6646647       -0.8596676
              1        0.6656657       -0.8628636
              1        0.6666667       -0.8660254
              2        0.6656657       -0.8628636
              2        0.6666667       -0.8660254
              2        0.6676677       -0.8691530
              2        0.6686687       -0.8722462
              2        0.6696697       -0.8753049
              2        0.6706707       -0.8783290
              2        0.6716717       -0.8813183
              2        0.6726727       -0.8842728
              2        0.6736737       -0.8871923
              2        0.6746747       -0.8900767
              2        0.6756757       -0.8929259
              2        0.6766767       -0.8957397
              2        0.6776777       -0.8985182
              2        0.6786787       -0.9012610
              2        0.6796797       -0.9039683
              2        0.6806807       -0.9066398
              2        0.6816817       -0.9092754
              2        0.6826827       -0.9118750
              2        0.6836837       -0.9144386
              2        0.6846847       -0.9169660
              2        0.6856857       -0.9194571
              2        0.6866867       -0.9219119
              2        0.6876877       -0.9243302
              2        0.6886887       -0.9267119
              2        0.6896897       -0.9290570
              2        0.6906907       -0.9313653
              2        0.6916917       -0.9336368
              2        0.6926927       -0.9358713
              2        0.6936937       -0.9380688
              2        0.6946947       -0.9402292
              2        0.6956957       -0.9423525
              2        0.6966967       -0.9444384
              2        0.6976977       -0.9464870
              2        0.6986987       -0.9484981
              2        0.6996997       -0.9504718
              2        0.7007007       -0.9524078
              2        0.7017017       -0.9543061
              2        0.7027027       -0.9561667
              2        0.7037037       -0.9579895
              2        0.7047047       -0.9597744
              2        0.7057057       -0.9615213
              2        0.7067067       -0.9632302
              2        0.7077077       -0.9649010
              2        0.7087087       -0.9665336
              2        0.7097097       -0.9681280
              2        0.7107107       -0.9696840
              2        0.7117117       -0.9712018
              2        0.7127127       -0.9726811
              2        0.7137137       -0.9741219
              2        0.7147147       -0.9755242
              2        0.7157157       -0.9768879
              2        0.7167167       -0.9782129
              2        0.7177177       -0.9794993
              2        0.7187187       -0.9807469
              2        0.7197197       -0.9819557
              2        0.7207207       -0.9831257
              2        0.7217217       -0.9842568
              2        0.7227227       -0.9853490
              2        0.7237237       -0.9864021
              2        0.7247247       -0.9874163
              2        0.7257257       -0.9883914
              2        0.7267267       -0.9893274
              2        0.7277277       -0.9902243
              2        0.7287287       -0.9910819
              2        0.7297297       -0.9919004
              2        0.7307307       -0.9926797
              2        0.7317317       -0.9934197
              2        0.7327327       -0.9941204
              2        0.7337337       -0.9947817
              2        0.7347347       -0.9954037
              2        0.7357357       -0.9959864
              2        0.7367367       -0.9965296
              2        0.7377377       -0.9970334
              2        0.7387387       -0.9974978
              2        0.7397397       -0.9979227
              2        0.7407407       -0.9983082
              2        0.7417417       -0.9986541
              2        0.7427427       -0.9989606
              2        0.7437437       -0.9992275
              2        0.7447447       -0.9994549
              2        0.7457457       -0.9996428
              2        0.7467467       -0.9997911
              2        0.7477477       -0.9998999
              2        0.7487487       -0.9999691
              2        0.7497497       -0.9999988
              2        0.7507508       -0.9999889
              2        0.7517518       -0.9999394
              2        0.7527528       -0.9998504
              2        0.7537538       -0.9997219
              2        0.7547548       -0.9995538
              2        0.7557558       -0.9993461
              2        0.7567568       -0.9990990
              2        0.7577578       -0.9988123
              2        0.7587588       -0.9984861
              2        0.7597598       -0.9981204
              2        0.7607608       -0.9977152
              2        0.7617618       -0.9972705
              2        0.7627628       -0.9967864
              2        0.7637638       -0.9962629
              2        0.7647648       -0.9957000
              2        0.7657658       -0.9950976
              2        0.7667668       -0.9944560
              2        0.7677678       -0.9937749
              2        0.7687688       -0.9930546
              2        0.7697698       -0.9922950
              2        0.7707708       -0.9914961
              2        0.7717718       -0.9906580
              2        0.7727728       -0.9897807
              2        0.7737738       -0.9888643
              2        0.7747748       -0.9879087
              2        0.7757758       -0.9869141
              2        0.7767768       -0.9858804
              2        0.7777778       -0.9848078
              2        0.7787788       -0.9836961
              2        0.7797798       -0.9825456
              2        0.7807808       -0.9813562
              2        0.7817818       -0.9801280
              2        0.7827828       -0.9788610
              2        0.7837838       -0.9775552
              2        0.7847848       -0.9762109
              2        0.7857858       -0.9748278
              2        0.7867868       -0.9734063
              2        0.7877878       -0.9719462
              2        0.7887888       -0.9704477
              2        0.7897898       -0.9689108
              2        0.7907908       -0.9673355
              2        0.7917918       -0.9657220
              2        0.7927928       -0.9640703
              2        0.7937938       -0.9623805
              2        0.7947948       -0.9606526
              2        0.7957958       -0.9588867
              2        0.7967968       -0.9570829
              2        0.7977978       -0.9552412
              2        0.7987988       -0.9533617
              2        0.7997998       -0.9514445
              2        0.8008008       -0.9494896
              2        0.8018018       -0.9474972
              2        0.8028028       -0.9454674
              2        0.8038038       -0.9434001
              2        0.8048048       -0.9412955
              2        0.8058058       -0.9391537
              2        0.8068068       -0.9369747
              2        0.8078078       -0.9347587
              2        0.8088088       -0.9325056
              2        0.8098098       -0.9302157
              2        0.8108108       -0.9278890
              2        0.8118118       -0.9255256
              2        0.8128128       -0.9231256
              2        0.8138138       -0.9206891
              2        0.8148148       -0.9182161
              2        0.8158158       -0.9157068
              2        0.8168168       -0.9131613
              2        0.8178178       -0.9105797
              2        0.8188188       -0.9079621
              2        0.8198198       -0.9053085
              2        0.8208208       -0.9026191
              2        0.8218218       -0.8998941
              2        0.8228228       -0.8971334
              2        0.8238238       -0.8943372
              2        0.8248248       -0.8915057
              2        0.8258258       -0.8886389
              2        0.8268268       -0.8857369
              2        0.8278278       -0.8827999
              2        0.8288288       -0.8798280
              2        0.8298298       -0.8768213
              2        0.8308308       -0.8737799
              2        0.8318318       -0.8707039
              2        0.8328328       -0.8675935
              2        0.8338338       -0.8644488
              2        0.8348348       -0.8612698
              2        0.8358358       -0.8580568
              2        0.8368368       -0.8548099
              2        0.8378378       -0.8515291
              2        0.8388388       -0.8482147
              2        0.8398398       -0.8448667
              2        0.8408408       -0.8414853
              2        0.8418418       -0.8380706
              2        0.8428428       -0.8346227
              2        0.8438438       -0.8311419
              2        0.8448448       -0.8276281
              2        0.8458458       -0.8240817
              2        0.8468468       -0.8205026
              2        0.8478478       -0.8168910
              2        0.8488488       -0.8132472
              2        0.8498498       -0.8095712
              2        0.8508509       -0.8058631
              2        0.8518519       -0.8021232
              2        0.8528529       -0.7983515
              2        0.8538539       -0.7945483
              2        0.8548549       -0.7907136
              2        0.8558559       -0.7868477
              2        0.8568569       -0.7829506
              2        0.8578579       -0.7790226
              2        0.8588589       -0.7750637
              2        0.8598599       -0.7710742
              2        0.8608609       -0.7670542
              2        0.8618619       -0.7630038
              2        0.8628629       -0.7589233
              2        0.8638639       -0.7548127
              2        0.8648649       -0.7506723
              2        0.8658659       -0.7465022
              2        0.8668669       -0.7423025
              2        0.8678679       -0.7380735
              2        0.8688689       -0.7338153
              2        0.8698699       -0.7295281
              2        0.8708709       -0.7252120
              2        0.8718719       -0.7208672
              2        0.8728729       -0.7164939
              2        0.8738739       -0.7120923
              2        0.8748749       -0.7076625
              2        0.8758759       -0.7032047
              2        0.8768769       -0.6987191
              2        0.8778779       -0.6942058
              2        0.8788789       -0.6896651
              2        0.8798799       -0.6850971
              2        0.8808809       -0.6805020
              2        0.8818819       -0.6758800
              2        0.8828829       -0.6712312
              2        0.8838839       -0.6665559
              2        0.8848849       -0.6618542
              2        0.8858859       -0.6571264
              2        0.8868869       -0.6523725
              2        0.8878879       -0.6475929
              2        0.8888889       -0.6427876
              2        0.8898899       -0.6379569
              2        0.8908909       -0.6331010
              2        0.8918919       -0.6282200
              2        0.8928929       -0.6233142
              2        0.8938939       -0.6183837
              2        0.8948949       -0.6134287
              2        0.8958959       -0.6084495
              2        0.8968969       -0.6034462
              2        0.8978979       -0.5984191
              2        0.8988989       -0.5933683
              2        0.8998999       -0.5882940
              2        0.9009009       -0.5831964
              2        0.9019019       -0.5780758
              2        0.9029029       -0.5729323
              2        0.9039039       -0.5677661
              2        0.9049049       -0.5625775
              2        0.9059059       -0.5573666
              2        0.9069069       -0.5521336
              2        0.9079079       -0.5468789
              2        0.9089089       -0.5416025
              2        0.9099099       -0.5363046
              2        0.9109109       -0.5309856
              2        0.9119119       -0.5256456
              2        0.9129129       -0.5202847
              2        0.9139139       -0.5149033
              2        0.9149149       -0.5095015
              2        0.9159159       -0.5040796
              2        0.9169169       -0.4986377
              2        0.9179179       -0.4931761
              2        0.9189189       -0.4876949
              2        0.9199199       -0.4821945
              2        0.9209209       -0.4766750
              2        0.9219219       -0.4711367
              2        0.9229229       -0.4655797
              2        0.9239239       -0.4600043
              2        0.9249249       -0.4544107
              2        0.9259259       -0.4487992
              2        0.9269269       -0.4431699
              2        0.9279279       -0.4375230
              2        0.9289289       -0.4318589
              2        0.9299299       -0.4261776
              2        0.9309309       -0.4204795
              2        0.9319319       -0.4147648
              2        0.9329329       -0.4090336
              2        0.9339339       -0.4032863
              2        0.9349349       -0.3975231
              2        0.9359359       -0.3917441
              2        0.9369369       -0.3859496
              2        0.9379379       -0.3801398
              2        0.9389389       -0.3743150
              2        0.9399399       -0.3684754
              2        0.9409409       -0.3626212
              2        0.9419419       -0.3567527
              2        0.9429429       -0.3508701
              2        0.9439439       -0.3449735
              2        0.9449449       -0.3390634
              2        0.9459459       -0.3331398
              2        0.9469469       -0.3272030
              2        0.9479479       -0.3212533
              2        0.9489489       -0.3152909
              2        0.9499499       -0.3093161
              2        0.9509510       -0.3033289
              2        0.9519520       -0.2973298
              2        0.9529530       -0.2913190
              2        0.9539540       -0.2852966
              2        0.9549550       -0.2792629
              2        0.9559560       -0.2732182
              2        0.9569570       -0.2671626
              2        0.9579580       -0.2610965
              2        0.9589590       -0.2550201
              2        0.9599600       -0.2489336
              2        0.9609610       -0.2428372
              2        0.9619620       -0.2367312
              2        0.9629630       -0.2306159
              2        0.9639640       -0.2244914
              2        0.9649650       -0.2183581
              2        0.9659660       -0.2122161
              2        0.9669670       -0.2060657
              2        0.9679680       -0.1999072
              2        0.9689690       -0.1937408
              2        0.9699700       -0.1875667
              2        0.9709710       -0.1813851
              2        0.9719720       -0.1751964
              2        0.9729730       -0.1690008
              2        0.9739740       -0.1627985
              2        0.9749750       -0.1565898
              2        0.9759760       -0.1503748
              2        0.9769770       -0.1441539
              2        0.9779780       -0.1379273
              2        0.9789790       -0.1316953
              2        0.9799800       -0.1254580
              2        0.9809810       -0.1192158
              2        0.9819820       -0.1129689
              2        0.9829830       -0.1067175
              2        0.9839840       -0.1004618
              2        0.9849850       -0.0942022
              2        0.9859860       -0.0879389
              2        0.9869870       -0.0816721
              2        0.9879880       -0.0754021
              2        0.9889890       -0.0691290
              2        0.9899900       -0.0628533
              2        0.9909910       -0.0565750
              2        0.9919920       -0.0502946
              2        0.9929930       -0.0440121
              2        0.9939940       -0.0377279
              2        0.9949950       -0.0314422
              2        0.9959960       -0.0251552
              2        0.9969970       -0.0188673
              2        0.9979980       -0.0125786
              2        0.9989990       -0.0062894
              2        0.0000000        0.0000000
