0.00000000    0.00000000
0.00100100    0.00000000
0.00200200    0.00628943
0.00300300    0.01257862
0.00400400    0.01886730
0.00500501    0.02515525
0.00600601    0.03144219
0.00700701    0.03772789
0.00800801    0.04401210
0.00900901    0.05029457
0.01001001    0.05657505
0.01101101    0.06285329
0.01201201    0.06912904
0.01301301    0.07540206
0.01401401    0.08167210
0.01501502    0.08793891
0.01601602    0.09420224
0.01701702    0.10046184
0.01801802    0.10671747
0.01901902    0.11296887
0.02002002    0.11921581
0.02102102    0.12545803
0.02202202    0.13169529
0.02302302    0.13792734
0.02402402    0.14415393
0.02502503    0.15037482
0.02602603    0.15658976
0.02702703    0.16279851
0.02802803    0.16900082
0.02902903    0.17519644
0.03003003    0.18138514
0.03103103    0.18756665
0.03203203    0.19374075
0.03303303    0.19990719
0.03403403    0.20606571
0.03503504    0.21221609
0.03603604    0.21835807
0.03703704    0.22449141
0.03803804    0.23061587
0.03903904    0.23673121
0.04004004    0.24283719
0.04104104    0.24893355
0.04204204    0.25502008
0.04304304    0.26109651
0.04404404    0.26716262
0.04504505    0.27321815
0.04604605    0.27926288
0.04704705    0.28529657
0.04804805    0.29131896
0.04904905    0.29732984
0.05005005    0.30332895
0.05105105    0.30931606
0.05205205    0.31529094
0.05305305    0.32125334
0.05405405    0.32720304
0.05505506    0.33313979
0.05605606    0.33906337
0.05705706    0.34497353
0.05805806    0.35087005
0.05905906    0.35675269
0.06006006    0.36262121
0.06106106    0.36847539
0.06206206    0.37431500
0.06306306    0.38013980
0.06406406    0.38594956
0.06506507    0.39174405
0.06606607    0.39752305
0.06706707    0.40328632
0.06806807    0.40903364
0.06906907    0.41476478
0.07007007    0.42047951
0.07107107    0.42617761
0.07207207    0.43185885
0.07307307    0.43752301
0.07407407    0.44316986
0.07507508    0.44879918
0.07607608    0.45441075
0.07707708    0.46000434
0.07807808    0.46557973
0.07907908    0.47113671
0.08008008    0.47667505
0.08108108    0.48219453
0.08208208    0.48769494
0.08308308    0.49317606
0.08408408    0.49863767
0.08508509    0.50407956
0.08608609    0.50950150
0.08708709    0.51490329
0.08808809    0.52028471
0.08908909    0.52564555
0.09009009    0.53098560
0.09109109    0.53630464
0.09209209    0.54160247
0.09309309    0.54687888
0.09409409    0.55213365
0.09509510    0.55736658
0.09609610    0.56257746
0.09709710    0.56776609
0.09809810    0.57293225
0.09909910    0.57807576
0.10010010    0.58319640
0.10110110    0.58829397
0.10210210    0.59336826
0.10310310    0.59841909
0.10410410    0.60344624
0.10510511    0.60844952
0.10610611    0.61342873
0.10710711    0.61838368
0.10810811    0.62331417
0.10910911    0.62822000
0.11011011    0.63310098
0.11111111    0.63795691
0.11211211    0.64278761
0.11311311    0.64759288
0.11411411    0.65237254
0.11511512    0.65712639
0.11611612    0.66185424
0.11711712    0.66655591
0.11811812    0.67123122
0.11911912    0.67587997
0.12012012    0.68050199
0.12112112    0.68509709
0.12212212    0.68966509
0.12312312    0.69420581
0.12412412    0.69871906
0.12512513    0.70320468
0.12612613    0.70766248
0.12712713    0.71209229
0.12812813    0.71649392
0.12912913    0.72086722
0.13013013    0.72521200
0.13113113    0.72952809
0.13213213    0.73381533
0.13313313    0.73807353
0.13413413    0.74230254
0.13513514    0.74650219
0.13613614    0.75067231
0.13713714    0.75481273
0.13813814    0.75892329
0.13913914    0.76300383
0.14014014    0.76705419
0.14114114    0.77107421
0.14214214    0.77506373
0.14314314    0.77902259
0.14414414    0.78295063
0.14514515    0.78684770
0.14614615    0.79071364
0.14714715    0.79454830
0.14814815    0.79835154
0.14914915    0.80212319
0.15015015    0.80586312
0.15115115    0.80957116
0.15215215    0.81324719
0.15315315    0.81689104
0.15415415    0.82050258
0.15515516    0.82408166
0.15615616    0.82762814
0.15715716    0.83114188
0.15815816    0.83462275
0.15915916    0.83807060
0.16016016    0.84148530
0.16116116    0.84486671
0.16216216    0.84821470
0.16316316    0.85152914
0.16416416    0.85480989
0.16516517    0.85805683
0.16616617    0.86126983
0.16716717    0.86444876
0.16816817    0.86759349
0.16916917    0.87070390
0.17017017    0.87377987
0.17117117    0.87682128
0.17217217    0.87982800
0.17317317    0.88279991
0.17417417    0.88573691
0.17517518    0.88863887
0.17617618    0.89150567
0.17717718    0.89433721
0.17817818    0.89713338
0.17917918    0.89989405
0.18018018    0.90261913
0.18118118    0.90530850
0.18218218    0.90796206
0.18318318    0.91057970
0.18418418    0.91316133
0.18518519    0.91570683
0.18618619    0.91821611
0.18718719    0.92068906
0.18818819    0.92312560
0.18918919    0.92552562
0.19019019    0.92788903
0.19119119    0.93021573
0.19219219    0.93250564
0.19319319    0.93475866
0.19419419    0.93697470
0.19519520    0.93915368
0.19619620    0.94129551
0.19719720    0.94340010
0.19819820    0.94546737
0.19919920    0.94749725
0.20020020    0.94948964
0.20120120    0.95144447
0.20220220    0.95336167
0.20320320    0.95524116
0.20420420    0.95708286
0.20520521    0.95888669
0.20620621    0.96065260
0.20720721    0.96238051
0.20820821    0.96407035
0.20920921    0.96572205
0.21021021    0.96733555
0.21121121    0.96891078
0.21221221    0.97044769
0.21321321    0.97194621
0.21421421    0.97340628
0.21521522    0.97482785
0.21621622    0.97621085
0.21721722    0.97755524
0.21821822    0.97886096
0.21921922    0.98012795
0.22022022    0.98135618
0.22122122    0.98254559
0.22222222    0.98369613
0.22322322    0.98480775
0.22422422    0.98588042
0.22522523    0.98691410
0.22622623    0.98790873
0.22722723    0.98886428
0.22822823    0.98978072
0.22922923    0.99065800
0.23023023    0.99149609
0.23123123    0.99229497
0.23223223    0.99305459
0.23323323    0.99377493
0.23423423    0.99445596
0.23523524    0.99509765
0.23623624    0.99569997
0.23723724    0.99626291
0.23823824    0.99678644
0.23923924    0.99727054
0.24024024    0.99771519
0.24124124    0.99812037
0.24224224    0.99848607
0.24324324    0.99881227
0.24424424    0.99909897
0.24524525    0.99934614
0.24624625    0.99955378
0.24724725    0.99972187
0.24824825    0.99985043
0.24924925    0.99993943
0.25025025    0.99998887
0.25125125    0.99999876
0.25225225    0.99996910
0.25325325    0.99989987
0.25425425    0.99979109
0.25525526    0.99964277
0.25625626    0.99945490
0.25725726    0.99922749
0.25825826    0.99896056
0.25925926    0.99865411
0.26026026    0.99830816
0.26126126    0.99792272
0.26226226    0.99749780
0.26326326    0.99703342
0.26426426    0.99652960
0.26526527    0.99598637
0.26626627    0.99540373
0.26726727    0.99478172
0.26826827    0.99412036
0.26926927    0.99341967
0.27027027    0.99267969
0.27127127    0.99190044
0.27227227    0.99108195
0.27327327    0.99022425
0.27427427    0.98932739
0.27527528    0.98839139
0.27627628    0.98741629
0.27727728    0.98640214
0.27827828    0.98534896
0.27927928    0.98425681
0.28028028    0.98312572
0.28128128    0.98195574
0.28228228    0.98074692
0.28328328    0.97949930
0.28428428    0.97821294
0.28528529    0.97688788
0.28628629    0.97552417
0.28728729    0.97412188
0.28828829    0.97268105
0.28928929    0.97120175
0.29029029    0.96968403
0.29129129    0.96812795
0.29229229    0.96653358
0.29329329    0.96490097
0.29429429    0.96323019
0.29529530    0.96152131
0.29629630    0.95977439
0.29729730    0.95798951
0.29829830    0.95616673
0.29929930    0.95430613
0.30030030    0.95240778
0.30130130    0.95047176
0.30230230    0.94849813
0.30330330    0.94648699
0.30430430    0.94443841
0.30530531    0.94235246
0.30630631    0.94022924
0.30730731    0.93806883
0.30830831    0.93587131
0.30930931    0.93363676
0.31031031    0.93136529
0.31131131    0.92905697
0.31231231    0.92671191
0.31331331    0.92433018
0.31431431    0.92191189
0.31531532    0.91945713
0.31631632    0.91696600
0.31731732    0.91443860
0.31831832    0.91187502
0.31931932    0.90927538
0.32032032    0.90663976
0.32132132    0.90396828
0.32232232    0.90126105
0.32332332    0.89851816
0.32432432    0.89573972
0.32532533    0.89292586
0.32632633    0.89007667
0.32732733    0.88719227
0.32832833    0.88427278
0.32932933    0.88131831
0.33033033    0.87832898
0.33133133    0.87530490
0.33233233    0.87224620
0.33333333    0.86915299
0.33433433    0.86602540
0.33533534    0.86286356
0.33633634    0.85966758
0.33733734    0.85643760
0.33833834    0.85317373
0.33933934    0.84987612
0.34034034    0.84654489
0.34134134    0.84318017
0.34234234    0.83978210
0.34334334    0.83635081
0.34434434    0.83288643
0.34534535    0.82938911
0.34634635    0.82585898
0.34734735    0.82229618
0.34834835    0.81870085
0.34934935    0.81507314
0.35035035    0.81141319
0.35135135    0.80772113
0.35235235    0.80399713
0.35335335    0.80024132
0.35435435    0.79645386
0.35535536    0.79263489
0.35635636    0.78878457
0.35735736    0.78490304
0.35835836    0.78099047
0.35935936    0.77704700
0.36036036    0.77307279
0.36136136    0.76906801
0.36236236    0.76503280
0.36336336    0.76096733
0.36436436    0.75687175
0.36536537    0.75274624
0.36636637    0.74859095
0.36736737    0.74440605
0.36836837    0.74019170
0.36936937    0.73594807
0.37037037    0.73167533
0.37137137    0.72737364
0.37237237    0.72304318
0.37337337    0.71868412
0.37437437    0.71429664
0.37537538    0.70988089
0.37637638    0.70543707
0.37737738    0.70096534
0.37837838    0.69646588
0.37937938    0.69193887
0.38038038    0.68738449
0.38138138    0.68280292
0.38238238    0.67819434
0.38338338    0.67355893
0.38438438    0.66889687
0.38538539    0.66420836
0.38638639    0.65949357
0.38738739    0.65475270
0.38838839    0.64998592
0.38938939    0.64519344
0.39039039    0.64037543
0.39139139    0.63553209
0.39239239    0.63066361
0.39339339    0.62577018
0.39439439    0.62085199
0.39539540    0.61590925
0.39639640    0.61094215
0.39739740    0.60595088
0.39839840    0.60093563
0.39939940    0.59589662
0.40040040    0.59083404
0.40140140    0.58574808
0.40240240    0.58063895
0.40340340    0.57550685
0.40440440    0.57035199
0.40540541    0.56517457
0.40640641    0.55997479
0.40740741    0.55475285
0.40840841    0.54950898
0.40940941    0.54424336
0.41041041    0.53895622
0.41141141    0.53364776
0.41241241    0.52831819
0.41341341    0.52296772
0.41441441    0.51759656
0.41541542    0.51220493
0.41641642    0.50679303
0.41741742    0.50136109
0.41841842    0.49590932
0.41941942    0.49043793
0.42042042    0.48494714
0.42142142    0.47943716
0.42242242    0.47390822
0.42342342    0.46836054
0.42442442    0.46279432
0.42542543    0.45720980
0.42642643    0.45160720
0.42742743    0.44598673
0.42842843    0.44034861
0.42942943    0.43469308
0.43043043    0.42902035
0.43143143    0.42333066
0.43243243    0.41762421
0.43343343    0.41190125
0.43443443    0.40616199
0.43543544    0.40040667
0.43643644    0.39463550
0.43743744    0.38884873
0.43843844    0.38304657
0.43943944    0.37722926
0.44044044    0.37139703
0.44144144    0.36555011
0.44244244    0.35968873
0.44344344    0.35381312
0.44444444    0.34792351
0.44544545    0.34202014
0.44644645    0.33610324
0.44744745    0.33017305
0.44844845    0.32422980
0.44944945    0.31827371
0.45045045    0.31230504
0.45145145    0.30632402
0.45245245    0.30033088
0.45345345    0.29432586
0.45445445    0.28830919
0.45545546    0.28228112
0.45645646    0.27624188
0.45745746    0.27019172
0.45845846    0.26413087
0.45945946    0.25805957
0.46046046    0.25197806
0.46146146    0.24588659
0.46246246    0.23978538
0.46346346    0.23367470
0.46446446    0.22755476
0.46546547    0.22142583
0.46646647    0.21528814
0.46746747    0.20914193
0.46846847    0.20298745
0.46946947    0.19682494
0.47047047    0.19065465
0.47147147    0.18447681
0.47247247    0.17829167
0.47347347    0.17209948
0.47447447    0.16590049
0.47547548    0.15969493
0.47647648    0.15348305
0.47747748    0.14726510
0.47847848    0.14104133
0.47947948    0.13481198
0.48048048    0.12857730
0.48148148    0.12233752
0.48248248    0.11609291
0.48348348    0.10984371
0.48448448    0.10359016
0.48548549    0.09733252
0.48648649    0.09107102
0.48748749    0.08480592
0.48848849    0.07853747
0.48948949    0.07226591
0.49049049    0.06599149
0.49149149    0.05971446
0.49249249    0.05343507
0.49349349    0.04715357
0.49449449    0.04087020
0.49549550    0.03458521
0.49649650    0.02829886
0.49749750    0.02201138
0.49849850    0.01572304
0.49949950    0.00943407
0.50050050    0.00314473
0.50150150    -.00314473
0.50250250    -.00943407
0.50350350    -.01572304
0.50450450    -.02201138
0.50550551    -.02829886
0.50650651    -.03458521
0.50750751    -.04087020
0.50850851    -.04715357
0.50950951    -.05343507
0.51051051    -.05971446
0.51151151    -.06599149
0.51251251    -.07226591
0.51351351    -.07853747
0.51451451    -.08480592
0.51551552    -.09107102
0.51651652    -.09733252
0.51751752    -.10359016
0.51851852    -.10984371
0.51951952    -.11609291
0.52052052    -.12233752
0.52152152    -.12857730
0.52252252    -.13481198
0.52352352    -.14104133
0.52452452    -.14726510
0.52552553    -.15348305
0.52652653    -.15969493
0.52752753    -.16590049
0.52852853    -.17209948
0.52952953    -.17829167
0.53053053    -.18447681
0.53153153    -.19065465
0.53253253    -.19682494
0.53353353    -.20298745
0.53453453    -.20914193
0.53553554    -.21528814
0.53653654    -.22142583
0.53753754    -.22755476
0.53853854    -.23367470
0.53953954    -.23978538
0.54054054    -.24588659
0.54154154    -.25197806
0.54254254    -.25805957
0.54354354    -.26413087
0.54454454    -.27019172
0.54554555    -.27624188
0.54654655    -.28228112
0.54754755    -.28830919
0.54854855    -.29432586
0.54954955    -.30033088
0.55055055    -.30632402
0.55155155    -.31230504
0.55255255    -.31827371
0.55355355    -.32422980
0.55455455    -.33017305
0.55555556    -.33610324
0.55655656    -.34202014
0.55755756    -.34792351
0.55855856    -.35381312
0.55955956    -.35968873
0.56056056    -.36555011
0.56156156    -.37139703
0.56256256    -.37722926
0.56356356    -.38304657
0.56456456    -.38884873
0.56556557    -.39463550
0.56656657    -.40040667
0.56756757    -.40616199
0.56856857    -.41190125
0.56956957    -.41762421
0.57057057    -.42333066
0.57157157    -.42902035
0.57257257    -.43469308
0.57357357    -.44034861
0.57457457    -.44598673
0.57557558    -.45160720
0.57657658    -.45720980
0.57757758    -.46279432
0.57857858    -.46836054
0.57957958    -.47390822
0.58058058    -.47943716
0.58158158    -.48494714
0.58258258    -.49043793
0.58358358    -.49590932
0.58458458    -.50136109
0.58558559    -.50679303
0.58658659    -.51220493
0.58758759    -.51759656
0.58858859    -.52296772
0.58958959    -.52831819
0.59059059    -.53364776
0.59159159    -.53895622
0.59259259    -.54424336
0.59359359    -.54950898
0.59459459    -.55475285
0.59559560    -.55997479
0.59659660    -.56517457
0.59759760    -.57035199
0.59859860    -.57550685
0.59959960    -.58063895
0.60060060    -.58574808
0.60160160    -.59083404
0.60260260    -.59589662
0.60360360    -.60093563
0.60460460    -.60595088
0.60560561    -.61094215
0.60660661    -.61590925
0.60760761    -.62085199
0.60860861    -.62577018
0.60960961    -.63066361
0.61061061    -.63553209
0.61161161    -.64037543
0.61261261    -.64519344
0.61361361    -.64998592
0.61461461    -.65475270
0.61561562    -.65949357
0.61661662    -.66420836
0.61761762    -.66889687
0.61861862    -.67355893
0.61961962    -.67819434
0.62062062    -.68280292
0.62162162    -.68738449
0.62262262    -.69193887
0.62362362    -.69646588
0.62462462    -.70096534
0.62562563    -.70543707
0.62662663    -.70988089
0.62762763    -.71429664
0.62862863    -.71868412
0.62962963    -.72304318
0.63063063    -.72737364
0.63163163    -.73167533
0.63263263    -.73594807
0.63363363    -.74019170
0.63463463    -.74440605
0.63563564    -.74859095
0.63663664    -.75274624
0.63763764    -.75687175
0.63863864    -.76096733
0.63963964    -.76503280
0.64064064    -.76906801
0.64164164    -.77307279
0.64264264    -.77704700
0.64364364    -.78099047
0.64464464    -.78490304
0.64564565    -.78878457
0.64664665    -.79263489
0.64764765    -.79645386
0.64864865    -.80024132
0.64964965    -.80399713
0.65065065    -.80772113
0.65165165    -.81141319
0.65265265    -.81507314
0.65365365    -.81870085
0.65465465    -.82229618
0.65565566    -.82585898
0.65665666    -.82938911
0.65765766    -.83288643
0.65865866    -.83635081
0.65965966    -.83978210
0.66066066    -.84318017
0.66166166    -.84654489
0.66266266    -.84987612
0.66366366    -.85317373
0.66466466    -.85643760
0.66566567    -.85966758
0.66666667    -.86286356
0.66766767    -.86602540
0.66866867    -.86915299
0.66966967    -.87224620
0.67067067    -.87530490
0.67167167    -.87832898
0.67267267    -.88131831
0.67367367    -.88427278
0.67467467    -.88719227
0.67567568    -.89007667
0.67667668    -.89292586
0.67767768    -.89573972
0.67867868    -.89851816
0.67967968    -.90126105
0.68068068    -.90396828
0.68168168    -.90663976
0.68268268    -.90927538
0.68368368    -.91187502
0.68468468    -.91443860
0.68568569    -.91696600
0.68668669    -.91945713
0.68768769    -.92191189
0.68868869    -.92433018
0.68968969    -.92671191
0.69069069    -.92905697
0.69169169    -.93136529
0.69269269    -.93363676
0.69369369    -.93587131
0.69469469    -.93806883
0.69569570    -.94022924
0.69669670    -.94235246
0.69769770    -.94443841
0.69869870    -.94648699
0.69969970    -.94849813
0.70070070    -.95047176
0.70170170    -.95240778
0.70270270    -.95430613
0.70370370    -.95616673
0.70470470    -.95798951
0.70570571    -.95977439
0.70670671    -.96152131
0.70770771    -.96323019
0.70870871    -.96490097
0.70970971    -.96653358
0.71071071    -.96812795
0.71171171    -.96968403
0.71271271    -.97120175
0.71371371    -.97268105
0.71471471    -.97412188
0.71571572    -.97552417
0.71671672    -.97688788
0.71771772    -.97821294
0.71871872    -.97949930
0.71971972    -.98074692
0.72072072    -.98195574
0.72172172    -.98312572
0.72272272    -.98425681
0.72372372    -.98534896
0.72472472    -.98640214
0.72572573    -.98741629
0.72672673    -.98839139
0.72772773    -.98932739
0.72872873    -.99022425
0.72972973    -.99108195
0.73073073    -.99190044
0.73173173    -.99267969
0.73273273    -.99341967
0.73373373    -.99412036
0.73473473    -.99478172
0.73573574    -.99540373
0.73673674    -.99598637
0.73773774    -.99652960
0.73873874    -.99703342
0.73973974    -.99749780
0.74074074    -.99792272
0.74174174    -.99830816
0.74274274    -.99865411
0.74374374    -.99896056
0.74474474    -.99922749
0.74574575    -.99945490
0.74674675    -.99964277
0.74774775    -.99979109
0.74874875    -.99989987
0.74974975    -.99996910
0.75075075    -.99999876
0.75175175    -.99998887
0.75275275    -.99993943
0.75375375    -.99985043
0.75475475    -.99972187
0.75575576    -.99955378
0.75675676    -.99934614
0.75775776    -.99909897
0.75875876    -.99881227
0.75975976    -.99848607
0.76076076    -.99812037
0.76176176    -.99771519
0.76276276    -.99727054
0.76376376    -.99678644
0.76476476    -.99626291
0.76576577    -.99569997
0.76676677    -.99509765
0.76776777    -.99445596
0.76876877    -.99377493
0.76976977    -.99305459
0.77077077    -.99229497
0.77177177    -.99149609
0.77277277    -.99065800
0.77377377    -.98978072
0.77477477    -.98886428
0.77577578    -.98790873
0.77677678    -.98691410
0.77777778    -.98588042
0.77877878    -.98480775
0.77977978    -.98369613
0.78078078    -.98254559
0.78178178    -.98135618
0.78278278    -.98012795
0.78378378    -.97886096
0.78478478    -.97755524
0.78578579    -.97621085
0.78678679    -.97482785
0.78778779    -.97340628
0.78878879    -.97194621
0.78978979    -.97044769
0.79079079    -.96891078
0.79179179    -.96733555
0.79279279    -.96572205
0.79379379    -.96407035
0.79479479    -.96238051
0.79579580    -.96065260
0.79679680    -.95888669
0.79779780    -.95708286
0.79879880    -.95524116
0.79979980    -.95336167
0.80080080    -.95144447
0.80180180    -.94948964
0.80280280    -.94749725
0.80380380    -.94546737
0.80480480    -.94340010
0.80580581    -.94129551
0.80680681    -.93915368
0.80780781    -.93697470
0.80880881    -.93475866
0.80980981    -.93250564
0.81081081    -.93021573
0.81181181    -.92788903
0.81281281    -.92552562
0.81381381    -.92312560
0.81481481    -.92068906
0.81581582    -.91821611
0.81681682    -.91570683
0.81781782    -.91316133
0.81881882    -.91057970
0.81981982    -.90796206
0.82082082    -.90530850
0.82182182    -.90261913
0.82282282    -.89989405
0.82382382    -.89713338
0.82482482    -.89433721
0.82582583    -.89150567
0.82682683    -.88863887
0.82782783    -.88573691
0.82882883    -.88279991
0.82982983    -.87982800
0.83083083    -.87682128
0.83183183    -.87377987
0.83283283    -.87070390
0.83383383    -.86759349
0.83483483    -.86444876
0.83583584    -.86126983
0.83683684    -.85805683
0.83783784    -.85480989
0.83883884    -.85152914
0.83983984    -.84821470
0.84084084    -.84486671
0.84184184    -.84148530
0.84284284    -.83807060
0.84384384    -.83462275
0.84484484    -.83114188
0.84584585    -.82762814
0.84684685    -.82408166
0.84784785    -.82050258
0.84884885    -.81689104
0.84984985    -.81324719
0.85085085    -.80957116
0.85185185    -.80586312
0.85285285    -.80212319
0.85385385    -.79835154
0.85485485    -.79454830
0.85585586    -.79071364
0.85685686    -.78684770
0.85785786    -.78295063
0.85885886    -.77902259
0.85985986    -.77506373
0.86086086    -.77107421
0.86186186    -.76705419
0.86286286    -.76300383
0.86386386    -.75892329
0.86486486    -.75481273
0.86586587    -.75067231
0.86686687    -.74650219
0.86786787    -.74230254
0.86886887    -.73807353
0.86986987    -.73381533
0.87087087    -.72952809
0.87187187    -.72521200
0.87287287    -.72086722
0.87387387    -.71649392
0.87487487    -.71209229
0.87587588    -.70766248
0.87687688    -.70320468
0.87787788    -.69871906
0.87887888    -.69420581
0.87987988    -.68966509
0.88088088    -.68509709
0.88188188    -.68050199
0.88288288    -.67587997
0.88388388    -.67123122
0.88488488    -.66655591
0.88588589    -.66185424
0.88688689    -.65712639
0.88788789    -.65237254
0.88888889    -.64759288
0.88988989    -.64278761
0.89089089    -.63795691
0.89189189    -.63310098
0.89289289    -.62822000
0.89389389    -.62331417
0.89489489    -.61838368
0.89589590    -.61342873
0.89689690    -.60844952
0.89789790    -.60344624
0.89889890    -.59841909
0.89989990    -.59336826
0.90090090    -.58829397
0.90190190    -.58319640
0.90290290    -.57807576
0.90390390    -.57293225
0.90490490    -.56776609
0.90590591    -.56257746
0.90690691    -.55736658
0.90790791    -.55213365
0.90890891    -.54687888
0.90990991    -.54160247
0.91091091    -.53630464
0.91191191    -.53098560
0.91291291    -.52564555
0.91391391    -.52028471
0.91491491    -.51490329
0.91591592    -.50950150
0.91691692    -.50407956
0.91791792    -.49863767
0.91891892    -.49317606
0.91991992    -.48769494
0.92092092    -.48219453
0.92192192    -.47667505
0.92292292    -.47113671
0.92392392    -.46557973
0.92492492    -.46000434
0.92592593    -.45441075
0.92692693    -.44879918
0.92792793    -.44316986
0.92892893    -.43752301
0.92992993    -.43185885
0.93093093    -.42617761
0.93193193    -.42047951
0.93293293    -.41476478
0.93393393    -.40903364
0.93493493    -.40328632
0.93593594    -.39752305
0.93693694    -.39174405
0.93793794    -.38594956
0.93893894    -.38013980
0.93993994    -.37431500
0.94094094    -.36847539
0.94194194    -.36262121
0.94294294    -.35675269
0.94394394    -.35087005
0.94494494    -.34497353
0.94594595    -.33906337
0.94694695    -.33313979
0.94794795    -.32720304
0.94894895    -.32125334
0.94994995    -.31529094
0.95095095    -.30931606
0.95195195    -.30332895
0.95295295    -.29732984
0.95395395    -.29131896
0.95495495    -.28529657
0.95595596    -.27926288
0.95695696    -.27321815
0.95795796    -.26716262
0.95895896    -.26109651
0.95995996    -.25502008
0.96096096    -.24893355
0.96196196    -.24283719
0.96296296    -.23673121
0.96396396    -.23061587
0.96496496    -.22449141
0.96596597    -.21835807
0.96696697    -.21221609
0.96796797    -.20606571
0.96896897    -.19990719
0.96996997    -.19374075
0.97097097    -.18756665
0.97197197    -.18138514
0.97297297    -.17519644
0.97397397    -.16900082
0.97497497    -.16279851
0.97597598    -.15658976
0.97697698    -.15037482
0.97797798    -.14415393
0.97897898    -.13792734
0.97997998    -.13169529
0.98098098    -.12545803
0.98198198    -.11921581
0.98298298    -.11296887
0.98398398    -.10671747
0.98498498    -.10046184
0.98598599    -.09420224
0.98698699    -.08793891
0.98798799    -.08167210
0.98898899    -.07540206
0.98998999    -.06912904
0.99099099    -.06285329
0.99199199    -.05657505
0.99299299    -.05029457
0.99399399    -.04401210
0.99499499    -.03772789
0.99599600    -.03144219
0.99699700    -.02515525
0.99799800    -.01886730
0.99899900    -.01257862
1.00000000    -.00628943
