              1        0.3323323        0.8691530
              1        0.3333333        0.8660254
              1        0.3343343        0.8628636
              1        0.3353353        0.8596676
              1        0.3363363        0.8564376
              1        0.3373373        0.8531737
              1        0.3383383        0.8498761
              1        0.3393393        0.8465449
              1        0.3403403        0.8431802
              1        0.3413413        0.8397821
              1        0.3423423        0.8363508
              1        0.3433433        0.8328864
              1        0.3443443        0.8293891
              1        0.3453453        0.8258590
              1        0.3463463        0.8222962
              1        0.3473473        0.8187009
              1        0.3483483        0.8150731
              1        0.3493493        0.8114132
              1        0.3503504        0.8077211
              1        0.3513514        0.8039971
              1        0.3523524        0.8002413
              1        0.3533534        0.7964539
              1        0.3543544        0.7926349
              1        0.3553554        0.7887846
              1        0.3563564        0.7849030
              1        0.3573574        0.7809905
              1        0.3583584        0.7770470
              1        0.3593594        0.7730728
              1        0.3603604        0.7690680
              1        0.3613614        0.7650328
              1        0.3623624        0.7609673
              1        0.3633634        0.7568718
              1        0.3643644        0.7527462
              1        0.3653654        0.7485909
              1        0.3663664        0.7444060
              1        0.3673674        0.7401917
              1        0.3683684        0.7359481
              1        0.3693694        0.7316753
              1        0.3703704        0.7273736
              1        0.3713714        0.7230432
              1        0.3723724        0.7186841
              1        0.3733734        0.7142966
              1        0.3743744        0.7098809
              1        0.3753754        0.7054371
              1        0.3763764        0.7009653
              1        0.3773774        0.6964659
              1        0.3783784        0.6919389
              1        0.3793794        0.6873845
              1        0.3803804        0.6828029
              1        0.3813814        0.6781943
              1        0.3823824        0.6735589
              1        0.3833834        0.6688969
              1        0.3843844        0.6642084
              1        0.3853854        0.6594936
              1        0.3863864        0.6547527
              1        0.3873874        0.6499859
              1        0.3883884        0.6451934
              1        0.3893894        0.6403754
              1        0.3903904        0.6355321
              1        0.3913914        0.6306636
              1        0.3923924        0.6257702
              1        0.3933934        0.6208520
              1        0.3943944        0.6159093
              1        0.3953954        0.6109421
              1        0.3963964        0.6059509
              1        0.3973974        0.6009356
              1        0.3983984        0.5958966
              1        0.3993994        0.5908340
              1        0.4004004        0.5857481
              1        0.4014014        0.5806389
              1        0.4024024        0.5755069
              1        0.4034034        0.5703520
              1        0.4044044        0.5651746
              1        0.4054054        0.5599748
              1        0.4064064        0.5547529
              1        0.4074074        0.5495090
              1        0.4084084        0.5442434
              1        0.4094094        0.5389562
              1        0.4104104        0.5336478
              1        0.4114114        0.5283182
              1        0.4124124        0.5229677
              1        0.4134134        0.5175966
              1        0.4144144        0.5122049
              1        0.4154154        0.5067930
              1        0.4164164        0.5013611
              1        0.4174174        0.4959093
              1        0.4184184        0.4904379
              1        0.4194194        0.4849471
              1        0.4204204        0.4794372
              1        0.4214214        0.4739082
              1        0.4224224        0.4683605
              1        0.4234234        0.4627943
              1        0.4244244        0.4572098
              1        0.4254254        0.4516072
              1        0.4264264        0.4459867
              1        0.4274274        0.4403486
              1        0.4284284        0.4346931
              1        0.4294294        0.4290204
              1        0.4304304        0.4233307
              1        0.4314314        0.4176242
              1        0.4324324        0.4119012
              1        0.4334334        0.4061620
              1        0.4344344        0.4004067
              1        0.4354354        0.3946355
              1        0.4364364        0.3888487
              1        0.4374374        0.3830466
              1        0.4384384        0.3772293
              1        0.4394394        0.3713970
              1        0.4404404        0.3655501
              1        0.4414414        0.3596887
              1        0.4424424        0.3538131
              1        0.4434434        0.3479235
              1        0.4444444        0.3420201
              1        0.4454454        0.3361032
              1        0.4464464        0.3301731
              1        0.4474474        0.3242298
              1        0.4484484        0.3182737
              1        0.4494494        0.3123050
              1        0.4504505        0.3063240
              1        0.4514515        0.3003309
              1        0.4524525        0.2943259
              1        0.4534535        0.2883092
              1        0.4544545        0.2822811
              1        0.4554555        0.2762419
              1        0.4564565        0.2701917
              1        0.4574575        0.2641309
              1        0.4584585        0.2580596
              1        0.4594595        0.2519781
              1        0.4604605        0.2458866
              1        0.4614615        0.2397854
              1        0.4624625        0.2336747
              1        0.4634635        0.2275548
              1        0.4644645        0.2214258
              1        0.4654655        0.2152881
              1        0.4664665        0.2091419
              1        0.4674675        0.2029875
              1        0.4684685        0.1968249
              1        0.4694695        0.1906546
              1        0.4704705        0.1844768
              1        0.4714715        0.1782917
              1        0.4724725        0.1720995
              1        0.4734735        0.1659005
              1        0.4744745        0.1596949
              1        0.4754755        0.1534831
              1        0.4764765        0.1472651
              1        0.4774775        0.1410413
              1        0.4784785        0.1348120
              1        0.4794795        0.1285773
              1        0.4804805        0.1223375
              1        0.4814815        0.1160929
              1        0.4824825        0.1098437
              1        0.4834835        0.1035902
              1        0.4844845        0.0973325
              1        0.4854855        0.0910710
              1        0.4864865        0.0848059
              1        0.4874875        0.0785375
              1        0.4884885        0.0722659
              1        0.4894895        0.0659915
              1        0.4904905        0.0597145
              1        0.4914915        0.0534351
              1        0.4924925        0.0471536
              1        0.4934935        0.0408702
              1        0.4944945        0.0345852
              1        0.4954955        0.0282989
              1        0.4964965        0.0220114
              1        0.4974975        0.0157230
              1        0.4984985        0.0094341
              1        0.4994995        0.0031447
              1        0.5005005       -0.0031447
              1        0.5015015       -0.0094341
              1        0.5025025       -0.0157230
              1        0.5035035       -0.0220114
              1        0.5045045       -0.0282989
              1        0.5055055       -0.0345852
              1        0.5065065       -0.0408702
              1        0.5075075       -0.0471536
              1        0.5085085       -0.0534351
              1        0.5095095       -0.0597145
              1        0.5105105       -0.0659915
              1        0.5115115       -0.0722659
              1        0.5125125       -0.0785375
              1        0.5135135       -0.0848059
              1        0.5145145       -0.0910710
              1        0.5155155       -0.0973325
              1        0.5165165       -0.1035902
              1        0.5175175       -0.1098437
              1        0.5185185       -0.1160929
              1        0.5195195       -0.1223375
              1        0.5205205       -0.1285773
              1        0.5215215       -0.1348120
              1        0.5225225       -0.1410413
              1        0.5235235       -0.1472651
              1        0.5245245       -0.1534831
              1        0.5255255       -0.1596949
              1        0.5265265       -0.1659005
              1        0.5275275       -0.1720995
              1        0.5285285       -0.1782917
              1        0.5295295       -0.1844768
              1        0.5305305       -0.1906546
              1        0.5315315       -0.1968249
              1        0.5325325       -0.2029875
              1        0.5335335       -0.2091419
              1        0.5345345       -0.2152881
              1        0.5355355       -0.2214258
              1        0.5365365       -0.2275548
              1        0.5375375       -0.2336747
              1        0.5385385       -0.2397854
              1        0.5395395       -0.2458866
              1        0.5405405       -0.2519781
              1        0.5415415       -0.2580596
              1        0.5425425       -0.2641309
              1        0.5435435       -0.2701917
              1        0.5445445       -0.2762419
              1        0.5455455       -0.2822811
              1        0.5465465       -0.2883092
              1        0.5475475       -0.2943259
              1        0.5485485       -0.3003309
              1        0.5495495       -0.3063240
              1        0.5505506       -0.3123050
              1        0.5515516       -0.3182737
              1        0.5525526       -0.3242298
              1        0.5535536       -0.3301731
              1        0.5545546       -0.3361032
              1        0.5555556       -0.3420201
              1        0.5565566       -0.3479235
              1        0.5575576       -0.3538131
              1        0.5585586       -0.3596887
              1        0.5595596       -0.3655501
              1        0.5605606       -0.3713970
              1        0.5615616       -0.3772293
              1        0.5625626       -0.3830466
              1        0.5635636       -0.3888487
              1        0.5645646       -0.3946355
              1        0.5655656       -0.4004067
              1        0.5665666       -0.4061620
              1        0.5675676       -0.4119012
              1        0.5685686       -0.4176242
              1        0.5695696       -0.4233307
              1        0.5705706       -0.4290204
              1        0.5715716       -0.4346931
              1        0.5725726       -0.4403486
              1        0.5735736       -0.4459867
              1        0.5745746       -0.4516072
              1        0.5755756       -0.4572098
              1        0.5765766       -0.4627943
              1        0.5775776       -0.4683605
              1        0.5785786       -0.4739082
              1        0.5795796       -0.4794372
              1        0.5805806       -0.4849471
              1        0.5815816       -0.4904379
              1        0.5825826       -0.4959093
              1        0.5835836       -0.5013611
              1        0.5845846       -0.5067930
              1        0.5855856       -0.5122049
              1        0.5865866       -0.5175966
              1        0.5875876       -0.5229677
              1        0.5885886       -0.5283182
              1        0.5895896       -0.5336478
              1        0.5905906       -0.5389562
              1        0.5915916       -0.5442434
              1        0.5925926       -0.5495090
              1        0.5935936       -0.5547529
              1        0.5945946       -0.5599748
              1        0.5955956       -0.5651746
              1        0.5965966       -0.5703520
              1        0.5975976       -0.5755069
              1        0.5985986       -0.5806389
              1        0.5995996       -0.5857481
              1        0.6006006       -0.5908340
              1        0.6016016       -0.5958966
              1        0.6026026       -0.6009356
              1        0.6036036       -0.6059509
              1        0.6046046       -0.6109421
              1        0.6056056       -0.6159093
              1        0.6066066       -0.6208520
              1        0.6076076       -0.6257702
              1        0.6086086       -0.6306636
              1        0.6096096       -0.6355321
              1        0.6106106       -0.6403754
              1        0.6116116       -0.6451934
              1        0.6126126       -0.6499859
              1        0.6136136       -0.6547527
              1        0.6146146       -0.6594936
              1        0.6156156       -0.6642084
              1        0.6166166       -0.6688969
              1        0.6176176       -0.6735589
              1        0.6186186       -0.6781943
              1        0.6196196       -0.6828029
              1        0.6206206       -0.6873845
              1        0.6216216       -0.6919389
              1        0.6226226       -0.6964659
              1        0.6236236       -0.7009653
              1        0.6246246       -0.7054371
              1        0.6256256       -0.7098809
              1        0.6266266       -0.7142966
              1        0.6276276       -0.7186841
              1        0.6286286       -0.7230432
              1        0.6296296       -0.7273736
              1        0.6306306       -0.7316753
              1        0.6316316       -0.7359481
              1        0.6326326       -0.7401917
              1        0.6336336       -0.7444060
              1        0.6346346       -0.7485909
              1        0.6356356       -0.7527462
              1        0.6366366       -0.7568718
              1        0.6376376       -0.7609673
              1        0.6386386       -0.7650328
              1        0.6396396       -0.7690680
              1        0.6406406       -0.7730728
              1        0.6416416       -0.7770470
              1        0.6426426       -0.7809905
              1        0.6436436       -0.7849030
              1        0.6446446       -0.7887846
              1        0.6456456       -0.7926349
              1        0.6466466       -0.7964539
              1        0.6476476       -0.8002413
              1        0.6486486       -0.8039971
              1        0.6496496       -0.8077211
              1        0.6506507       -0.8114132
              1        0.6516517       -0.8150731
              1        0.6526527       -0.8187009
              1        0.6536537       -0.8222962
              1        0.6546547       -0.8258590
              1        0.6556557       -0.8293891
              1        0.6566567       -0.8328864
              1        0.6576577       -0.8363508
              1        0.6586587       -0.8397821
              1        0.6596597       -0.8431802
              1        0.6606607       -0.8465449
              1        0.6616617       -0.8498761
              1        0.6626627       -0.8531737
              1        0.6636637       -0.8564376
              1        0.6646647       -0.8596676
              1        0.6656657       -0.8628636
              1        0.6666667       -0.8660254
