              2        0.6656657       -0.8628636
              2        0.6666667       -0.8660254
              2        0.6676677       -0.8691530
              2        0.6686687       -0.8722462
              2        0.6696697       -0.8753049
              2        0.6706707       -0.8783290
              2        0.6716717       -0.8813183
              2        0.6726727       -0.8842728
              2        0.6736737       -0.8871923
              2        0.6746747       -0.8900767
              2        0.6756757       -0.8929259
              2        0.6766767       -0.8957397
              2        0.6776777       -0.8985182
              2        0.6786787       -0.9012610
              2        0.6796797       -0.9039683
              2        0.6806807       -0.9066398
              2        0.6816817       -0.9092754
              2        0.6826827       -0.9118750
              2        0.6836837       -0.9144386
              2        0.6846847       -0.9169660
              2        0.6856857       -0.9194571
              2        0.6866867       -0.9219119
              2        0.6876877       -0.9243302
              2        0.6886887       -0.9267119
              2        0.6896897       -0.9290570
              2        0.6906907       -0.9313653
              2        0.6916917       -0.9336368
              2        0.6926927       -0.9358713
              2        0.6936937       -0.9380688
              2        0.6946947       -0.9402292
              2        0.6956957       -0.9423525
              2        0.6966967       -0.9444384
              2        0.6976977       -0.9464870
              2        0.6986987       -0.9484981
              2        0.6996997       -0.9504718
              2        0.7007007       -0.9524078
              2        0.7017017       -0.9543061
              2        0.7027027       -0.9561667
              2        0.7037037       -0.9579895
              2        0.7047047       -0.9597744
              2        0.7057057       -0.9615213
              2        0.7067067       -0.9632302
              2        0.7077077       -0.9649010
              2        0.7087087       -0.9665336
              2        0.7097097       -0.9681280
              2        0.7107107       -0.9696840
              2        0.7117117       -0.9712018
              2        0.7127127       -0.9726811
              2        0.7137137       -0.9741219
              2        0.7147147       -0.9755242
              2        0.7157157       -0.9768879
              2        0.7167167       -0.9782129
              2        0.7177177       -0.9794993
              2        0.7187187       -0.9807469
              2        0.7197197       -0.9819557
              2        0.7207207       -0.9831257
              2        0.7217217       -0.9842568
              2        0.7227227       -0.9853490
              2        0.7237237       -0.9864021
              2        0.7247247       -0.9874163
              2        0.7257257       -0.9883914
              2        0.7267267       -0.9893274
              2        0.7277277       -0.9902243
              2        0.7287287       -0.9910819
              2        0.7297297       -0.9919004
              2        0.7307307       -0.9926797
              2        0.7317317       -0.9934197
              2        0.7327327       -0.9941204
              2        0.7337337       -0.9947817
              2        0.7347347       -0.9954037
              2        0.7357357       -0.9959864
              2        0.7367367       -0.9965296
              2        0.7377377       -0.9970334
              2        0.7387387       -0.9974978
              2        0.7397397       -0.9979227
              2        0.7407407       -0.9983082
              2        0.7417417       -0.9986541
              2        0.7427427       -0.9989606
              2        0.7437437       -0.9992275
              2        0.7447447       -0.9994549
              2        0.7457457       -0.9996428
              2        0.7467467       -0.9997911
              2        0.7477477       -0.9998999
              2        0.7487487       -0.9999691
              2        0.7497497       -0.9999988
              2        0.7507508       -0.9999889
              2        0.7517518       -0.9999394
              2        0.7527528       -0.9998504
              2        0.7537538       -0.9997219
              2        0.7547548       -0.9995538
              2        0.7557558       -0.9993461
              2        0.7567568       -0.9990990
              2        0.7577578       -0.9988123
              2        0.7587588       -0.9984861
              2        0.7597598       -0.9981204
              2        0.7607608       -0.9977152
              2        0.7617618       -0.9972705
              2        0.7627628       -0.9967864
              2        0.7637638       -0.9962629
              2        0.7647648       -0.9957000
              2        0.7657658       -0.9950976
              2        0.7667668       -0.9944560
              2        0.7677678       -0.9937749
              2        0.7687688       -0.9930546
              2        0.7697698       -0.9922950
              2        0.7707708       -0.9914961
              2        0.7717718       -0.9906580
              2        0.7727728       -0.9897807
              2        0.7737738       -0.9888643
              2        0.7747748       -0.9879087
              2        0.7757758       -0.9869141
              2        0.7767768       -0.9858804
              2        0.7777778       -0.9848078
              2        0.7787788       -0.9836961
              2        0.7797798       -0.9825456
              2        0.7807808       -0.9813562
              2        0.7817818       -0.9801280
              2        0.7827828       -0.9788610
              2        0.7837838       -0.9775552
              2        0.7847848       -0.9762109
              2        0.7857858       -0.9748278
              2        0.7867868       -0.9734063
              2        0.7877878       -0.9719462
              2        0.7887888       -0.9704477
              2        0.7897898       -0.9689108
              2        0.7907908       -0.9673355
              2        0.7917918       -0.9657220
              2        0.7927928       -0.9640703
              2        0.7937938       -0.9623805
              2        0.7947948       -0.9606526
              2        0.7957958       -0.9588867
              2        0.7967968       -0.9570829
              2        0.7977978       -0.9552412
              2        0.7987988       -0.9533617
              2        0.7997998       -0.9514445
              2        0.8008008       -0.9494896
              2        0.8018018       -0.9474972
              2        0.8028028       -0.9454674
              2        0.8038038       -0.9434001
              2        0.8048048       -0.9412955
              2        0.8058058       -0.9391537
              2        0.8068068       -0.9369747
              2        0.8078078       -0.9347587
              2        0.8088088       -0.9325056
              2        0.8098098       -0.9302157
              2        0.8108108       -0.9278890
              2        0.8118118       -0.9255256
              2        0.8128128       -0.9231256
              2        0.8138138       -0.9206891
              2        0.8148148       -0.9182161
              2        0.8158158       -0.9157068
              2        0.8168168       -0.9131613
              2        0.8178178       -0.9105797
              2        0.8188188       -0.9079621
              2        0.8198198       -0.9053085
              2        0.8208208       -0.9026191
              2        0.8218218       -0.8998941
              2        0.8228228       -0.8971334
              2        0.8238238       -0.8943372
              2        0.8248248       -0.8915057
              2        0.8258258       -0.8886389
              2        0.8268268       -0.8857369
              2        0.8278278       -0.8827999
              2        0.8288288       -0.8798280
              2        0.8298298       -0.8768213
              2        0.8308308       -0.8737799
              2        0.8318318       -0.8707039
              2        0.8328328       -0.8675935
              2        0.8338338       -0.8644488
              2        0.8348348       -0.8612698
              2        0.8358358       -0.8580568
              2        0.8368368       -0.8548099
              2        0.8378378       -0.8515291
              2        0.8388388       -0.8482147
              2        0.8398398       -0.8448667
              2        0.8408408       -0.8414853
              2        0.8418418       -0.8380706
              2        0.8428428       -0.8346227
              2        0.8438438       -0.8311419
              2        0.8448448       -0.8276281
              2        0.8458458       -0.8240817
              2        0.8468468       -0.8205026
              2        0.8478478       -0.8168910
              2        0.8488488       -0.8132472
              2        0.8498498       -0.8095712
              2        0.8508509       -0.8058631
              2        0.8518519       -0.8021232
              2        0.8528529       -0.7983515
              2        0.8538539       -0.7945483
              2        0.8548549       -0.7907136
              2        0.8558559       -0.7868477
              2        0.8568569       -0.7829506
              2        0.8578579       -0.7790226
              2        0.8588589       -0.7750637
              2        0.8598599       -0.7710742
              2        0.8608609       -0.7670542
              2        0.8618619       -0.7630038
              2        0.8628629       -0.7589233
              2        0.8638639       -0.7548127
              2        0.8648649       -0.7506723
              2        0.8658659       -0.7465022
              2        0.8668669       -0.7423025
              2        0.8678679       -0.7380735
              2        0.8688689       -0.7338153
              2        0.8698699       -0.7295281
              2        0.8708709       -0.7252120
              2        0.8718719       -0.7208672
              2        0.8728729       -0.7164939
              2        0.8738739       -0.7120923
              2        0.8748749       -0.7076625
              2        0.8758759       -0.7032047
              2        0.8768769       -0.6987191
              2        0.8778779       -0.6942058
              2        0.8788789       -0.6896651
              2        0.8798799       -0.6850971
              2        0.8808809       -0.6805020
              2        0.8818819       -0.6758800
              2        0.8828829       -0.6712312
              2        0.8838839       -0.6665559
              2        0.8848849       -0.6618542
              2        0.8858859       -0.6571264
              2        0.8868869       -0.6523725
              2        0.8878879       -0.6475929
              2        0.8888889       -0.6427876
              2        0.8898899       -0.6379569
              2        0.8908909       -0.6331010
              2        0.8918919       -0.6282200
              2        0.8928929       -0.6233142
              2        0.8938939       -0.6183837
              2        0.8948949       -0.6134287
              2        0.8958959       -0.6084495
              2        0.8968969       -0.6034462
              2        0.8978979       -0.5984191
              2        0.8988989       -0.5933683
              2        0.8998999       -0.5882940
              2        0.9009009       -0.5831964
              2        0.9019019       -0.5780758
              2        0.9029029       -0.5729323
              2        0.9039039       -0.5677661
              2        0.9049049       -0.5625775
              2        0.9059059       -0.5573666
              2        0.9069069       -0.5521336
              2        0.9079079       -0.5468789
              2        0.9089089       -0.5416025
              2        0.9099099       -0.5363046
              2        0.9109109       -0.5309856
              2        0.9119119       -0.5256456
              2        0.9129129       -0.5202847
              2        0.9139139       -0.5149033
              2        0.9149149       -0.5095015
              2        0.9159159       -0.5040796
              2        0.9169169       -0.4986377
              2        0.9179179       -0.4931761
              2        0.9189189       -0.4876949
              2        0.9199199       -0.4821945
              2        0.9209209       -0.4766750
              2        0.9219219       -0.4711367
              2        0.9229229       -0.4655797
              2        0.9239239       -0.4600043
              2        0.9249249       -0.4544107
              2        0.9259259       -0.4487992
              2        0.9269269       -0.4431699
              2        0.9279279       -0.4375230
              2        0.9289289       -0.4318589
              2        0.9299299       -0.4261776
              2        0.9309309       -0.4204795
              2        0.9319319       -0.4147648
              2        0.9329329       -0.4090336
              2        0.9339339       -0.4032863
              2        0.9349349       -0.3975231
              2        0.9359359       -0.3917441
              2        0.9369369       -0.3859496
              2        0.9379379       -0.3801398
              2        0.9389389       -0.3743150
              2        0.9399399       -0.3684754
              2        0.9409409       -0.3626212
              2        0.9419419       -0.3567527
              2        0.9429429       -0.3508701
              2        0.9439439       -0.3449735
              2        0.9449449       -0.3390634
              2        0.9459459       -0.3331398
              2        0.9469469       -0.3272030
              2        0.9479479       -0.3212533
              2        0.9489489       -0.3152909
              2        0.9499499       -0.3093161
              2        0.9509510       -0.3033289
              2        0.9519520       -0.2973298
              2        0.9529530       -0.2913190
              2        0.9539540       -0.2852966
              2        0.9549550       -0.2792629
              2        0.9559560       -0.2732182
              2        0.9569570       -0.2671626
              2        0.9579580       -0.2610965
              2        0.9589590       -0.2550201
              2        0.9599600       -0.2489336
              2        0.9609610       -0.2428372
              2        0.9619620       -0.2367312
              2        0.9629630       -0.2306159
              2        0.9639640       -0.2244914
              2        0.9649650       -0.2183581
              2        0.9659660       -0.2122161
              2        0.9669670       -0.2060657
              2        0.9679680       -0.1999072
              2        0.9689690       -0.1937408
              2        0.9699700       -0.1875667
              2        0.9709710       -0.1813851
              2        0.9719720       -0.1751964
              2        0.9729730       -0.1690008
              2        0.9739740       -0.1627985
              2        0.9749750       -0.1565898
              2        0.9759760       -0.1503748
              2        0.9769770       -0.1441539
              2        0.9779780       -0.1379273
              2        0.9789790       -0.1316953
              2        0.9799800       -0.1254580
              2        0.9809810       -0.1192158
              2        0.9819820       -0.1129689
              2        0.9829830       -0.1067175
              2        0.9839840       -0.1004618
              2        0.9849850       -0.0942022
              2        0.9859860       -0.0879389
              2        0.9869870       -0.0816721
              2        0.9879880       -0.0754021
              2        0.9889890       -0.0691290
              2        0.9899900       -0.0628533
              2        0.9909910       -0.0565750
              2        0.9919920       -0.0502946
              2        0.9929930       -0.0440121
              2        0.9939940       -0.0377279
              2        0.9949950       -0.0314422
              2        0.9959960       -0.0251552
              2        0.9969970       -0.0188673
              2        0.9979980       -0.0125786
              2        0.9989990       -0.0062894
              2        0.0000000        0.0000000
