              0        0.0000000        0.0000000
              0        0.0000000        0.0000000
              0        0.0010010        0.0062894
              0        0.0020020        0.0125786
              0        0.0030030        0.0188673
              0        0.0040040        0.0251552
              0        0.0050050        0.0314422
              0        0.0060060        0.0377279
              0        0.0070070        0.0440121
              0        0.0080080        0.0502946
              0        0.0090090        0.0565750
              0        0.0100100        0.0628533
              0        0.0110110        0.0691290
              0        0.0120120        0.0754021
              0        0.0130130        0.0816721
              0        0.0140140        0.0879389
              0        0.0150150        0.0942022
              0        0.0160160        0.1004618
              0        0.0170170        0.1067175
              0        0.0180180        0.1129689
              0        0.0190190        0.1192158
              0        0.0200200        0.1254580
              0        0.0210210        0.1316953
              0        0.0220220        0.1379273
              0        0.0230230        0.1441539
              0        0.0240240        0.1503748
              0        0.0250250        0.1565898
              0        0.0260260        0.1627985
              0        0.0270270        0.1690008
              0        0.0280280        0.1751964
              0        0.0290290        0.1813851
              0        0.0300300        0.1875667
              0        0.0310310        0.1937408
              0        0.0320320        0.1999072
              0        0.0330330        0.2060657
              0        0.0340340        0.2122161
              0        0.0350350        0.2183581
              0        0.0360360        0.2244914
              0        0.0370370        0.2306159
              0        0.0380380        0.2367312
              0        0.0390390        0.2428372
              0        0.0400400        0.2489336
              0        0.0410410        0.2550201
              0        0.0420420        0.2610965
              0        0.0430430        0.2671626
              0        0.0440440        0.2732182
              0        0.0450450        0.2792629
              0        0.0460460        0.2852966
              0        0.0470470        0.2913190
              0        0.0480480        0.2973298
              0        0.0490490        0.3033289
              0        0.0500501        0.3093161
              0        0.0510511        0.3152909
              0        0.0520521        0.3212533
              0        0.0530531        0.3272030
              0        0.0540541        0.3331398
              0        0.0550551        0.3390634
              0        0.0560561        0.3449735
              0        0.0570571        0.3508701
              0        0.0580581        0.3567527
              0        0.0590591        0.3626212
              0        0.0600601        0.3684754
              0        0.0610611        0.3743150
              0        0.0620621        0.3801398
              0        0.0630631        0.3859496
              0        0.0640641        0.3917441
              0        0.0650651        0.3975231
              0        0.0660661        0.4032863
              0        0.0670671        0.4090336
              0        0.0680681        0.4147648
              0        0.0690691        0.4204795
              0        0.0700701        0.4261776
              0        0.0710711        0.4318589
              0        0.0720721        0.4375230
              0        0.0730731        0.4431699
              0        0.0740741        0.4487992
              0        0.0750751        0.4544107
              0        0.0760761        0.4600043
              0        0.0770771        0.4655797
              0        0.0780781        0.4711367
              0        0.0790791        0.4766750
              0        0.0800801        0.4821945
              0        0.0810811        0.4876949
              0        0.0820821        0.4931761
              0        0.0830831        0.4986377
              0        0.0840841        0.5040796
              0        0.0850851        0.5095015
              0        0.0860861        0.5149033
              0        0.0870871        0.5202847
              0        0.0880881        0.5256456
              0        0.0890891        0.5309856
              0        0.0900901        0.5363046
              0        0.0910911        0.5416025
              0        0.0920921        0.5468789
              0        0.0930931        0.5521336
              0        0.0940941        0.5573666
              0        0.0950951        0.5625775
              0        0.0960961        0.5677661
              0        0.0970971        0.5729323
              0        0.0980981        0.5780758
              0        0.0990991        0.5831964
              0        0.1001001        0.5882940
              0        0.1011011        0.5933683
              0        0.1021021        0.5984191
              0        0.1031031        0.6034462
              0        0.1041041        0.6084495
              0        0.1051051        0.6134287
              0        0.1061061        0.6183837
              0        0.1071071        0.6233142
              0        0.1081081        0.6282200
              0        0.1091091        0.6331010
              0        0.1101101        0.6379569
              0        0.1111111        0.6427876
              0        0.1121121        0.6475929
              0        0.1131131        0.6523725
              0        0.1141141        0.6571264
              0        0.1151151        0.6618542
              0        0.1161161        0.6665559
              0        0.1171171        0.6712312
              0        0.1181181        0.6758800
              0        0.1191191        0.6805020
              0        0.1201201        0.6850971
              0        0.1211211        0.6896651
              0        0.1221221        0.6942058
              0        0.1231231        0.6987191
              0        0.1241241        0.7032047
              0        0.1251251        0.7076625
              0        0.1261261        0.7120923
              0        0.1271271        0.7164939
              0        0.1281281        0.7208672
              0        0.1291291        0.7252120
              0        0.1301301        0.7295281
              0        0.1311311        0.7338153
              0        0.1321321        0.7380735
              0        0.1331331        0.7423025
              0        0.1341341        0.7465022
              0        0.1351351        0.7506723
              0        0.1361361        0.7548127
              0        0.1371371        0.7589233
              0        0.1381381        0.7630038
              0        0.1391391        0.7670542
              0        0.1401401        0.7710742
              0        0.1411411        0.7750637
              0        0.1421421        0.7790226
              0        0.1431431        0.7829506
              0        0.1441441        0.7868477
              0        0.1451451        0.7907136
              0        0.1461461        0.7945483
              0        0.1471471        0.7983515
              0        0.1481481        0.8021232
              0        0.1491491        0.8058631
              0        0.1501502        0.8095712
              0        0.1511512        0.8132472
              0        0.1521522        0.8168910
              0        0.1531532        0.8205026
              0        0.1541542        0.8240817
              0        0.1551552        0.8276281
              0        0.1561562        0.8311419
              0        0.1571572        0.8346227
              0        0.1581582        0.8380706
              0        0.1591592        0.8414853
              0        0.1601602        0.8448667
              0        0.1611612        0.8482147
              0        0.1621622        0.8515291
              0        0.1631632        0.8548099
              0        0.1641642        0.8580568
              0        0.1651652        0.8612698
              0        0.1661662        0.8644488
              0        0.1671672        0.8675935
              0        0.1681682        0.8707039
              0        0.1691692        0.8737799
              0        0.1701702        0.8768213
              0        0.1711712        0.8798280
              0        0.1721722        0.8827999
              0        0.1731732        0.8857369
              0        0.1741742        0.8886389
              0        0.1751752        0.8915057
              0        0.1761762        0.8943372
              0        0.1771772        0.8971334
              0        0.1781782        0.8998941
              0        0.1791792        0.9026191
              0        0.1801802        0.9053085
              0        0.1811812        0.9079621
              0        0.1821822        0.9105797
              0        0.1831832        0.9131613
              0        0.1841842        0.9157068
              0        0.1851852        0.9182161
              0        0.1861862        0.9206891
              0        0.1871872        0.9231256
              0        0.1881882        0.9255256
              0        0.1891892        0.9278890
              0        0.1901902        0.9302157
              0        0.1911912        0.9325056
              0        0.1921922        0.9347587
              0        0.1931932        0.9369747
              0        0.1941942        0.9391537
              0        0.1951952        0.9412955
              0        0.1961962        0.9434001
              0        0.1971972        0.9454674
              0        0.1981982        0.9474972
              0        0.1991992        0.9494896
              0        0.2002002        0.9514445
              0        0.2012012        0.9533617
              0        0.2022022        0.9552412
              0        0.2032032        0.9570829
              0        0.2042042        0.9588867
              0        0.2052052        0.9606526
              0        0.2062062        0.9623805
              0        0.2072072        0.9640703
              0        0.2082082        0.9657220
              0        0.2092092        0.9673355
              0        0.2102102        0.9689108
              0        0.2112112        0.9704477
              0        0.2122122        0.9719462
              0        0.2132132        0.9734063
              0        0.2142142        0.9748278
              0        0.2152152        0.9762109
              0        0.2162162        0.9775552
              0        0.2172172        0.9788610
              0        0.2182182        0.9801280
              0        0.2192192        0.9813562
              0        0.2202202        0.9825456
              0        0.2212212        0.9836961
              0        0.2222222        0.9848078
              0        0.2232232        0.9858804
              0        0.2242242        0.9869141
              0        0.2252252        0.9879087
              0        0.2262262        0.9888643
              0        0.2272272        0.9897807
              0        0.2282282        0.9906580
              0        0.2292292        0.9914961
              0        0.2302302        0.9922950
              0        0.2312312        0.9930546
              0        0.2322322        0.9937749
              0        0.2332332        0.9944560
              0        0.2342342        0.9950976
              0        0.2352352        0.9957000
              0        0.2362362        0.9962629
              0        0.2372372        0.9967864
              0        0.2382382        0.9972705
              0        0.2392392        0.9977152
              0        0.2402402        0.9981204
              0        0.2412412        0.9984861
              0        0.2422422        0.9988123
              0        0.2432432        0.9990990
              0        0.2442442        0.9993461
              0        0.2452452        0.9995538
              0        0.2462462        0.9997219
              0        0.2472472        0.9998504
              0        0.2482482        0.9999394
              0        0.2492492        0.9999889
              0        0.2502503        0.9999988
              0        0.2512513        0.9999691
              0        0.2522523        0.9998999
              0        0.2532533        0.9997911
              0        0.2542543        0.9996428
              0        0.2552553        0.9994549
              0        0.2562563        0.9992275
              0        0.2572573        0.9989606
              0        0.2582583        0.9986541
              0        0.2592593        0.9983082
              0        0.2602603        0.9979227
              0        0.2612613        0.9974978
              0        0.2622623        0.9970334
              0        0.2632633        0.9965296
              0        0.2642643        0.9959864
              0        0.2652653        0.9954037
              0        0.2662663        0.9947817
              0        0.2672673        0.9941204
              0        0.2682683        0.9934197
              0        0.2692693        0.9926797
              0        0.2702703        0.9919004
              0        0.2712713        0.9910819
              0        0.2722723        0.9902243
              0        0.2732733        0.9893274
              0        0.2742743        0.9883914
              0        0.2752753        0.9874163
              0        0.2762763        0.9864021
              0        0.2772773        0.9853490
              0        0.2782783        0.9842568
              0        0.2792793        0.9831257
              0        0.2802803        0.9819557
              0        0.2812813        0.9807469
              0        0.2822823        0.9794993
              0        0.2832833        0.9782129
              0        0.2842843        0.9768879
              0        0.2852853        0.9755242
              0        0.2862863        0.9741219
              0        0.2872873        0.9726811
              0        0.2882883        0.9712018
              0        0.2892893        0.9696840
              0        0.2902903        0.9681280
              0        0.2912913        0.9665336
              0        0.2922923        0.9649010
              0        0.2932933        0.9632302
              0        0.2942943        0.9615213
              0        0.2952953        0.9597744
              0        0.2962963        0.9579895
              0        0.2972973        0.9561667
              0        0.2982983        0.9543061
              0        0.2992993        0.9524078
              0        0.3003003        0.9504718
              0        0.3013013        0.9484981
              0        0.3023023        0.9464870
              0        0.3033033        0.9444384
              0        0.3043043        0.9423525
              0        0.3053053        0.9402292
              0        0.3063063        0.9380688
              0        0.3073073        0.9358713
              0        0.3083083        0.9336368
              0        0.3093093        0.9313653
              0        0.3103103        0.9290570
              0        0.3113113        0.9267119
              0        0.3123123        0.9243302
              0        0.3133133        0.9219119
              0        0.3143143        0.9194571
              0        0.3153153        0.9169660
              0        0.3163163        0.9144386
              0        0.3173173        0.9118750
              0        0.3183183        0.9092754
              0        0.3193193        0.9066398
              0        0.3203203        0.9039683
              0        0.3213213        0.9012610
              0        0.3223223        0.8985182
              0        0.3233233        0.8957397
              0        0.3243243        0.8929259
              0        0.3253253        0.8900767
              0        0.3263263        0.8871923
              0        0.3273273        0.8842728
              0        0.3283283        0.8813183
              0        0.3293293        0.8783290
              0        0.3303303        0.8753049
              0        0.3313313        0.8722462
              0        0.3323323        0.8691530
              0        0.3333333        0.8660254
