0.00000000    0.00000000
0.01010101    0.06342392
0.02020202    0.12659245
0.03030303    0.18925124
0.04040404    0.25114799
0.05050505    0.31203345
0.06060606    0.37166246
0.07070707    0.42979491
0.08080808    0.48619674
0.09090909    0.54064082
0.10101010    0.59290793
0.11111111    0.64278761
0.12121212    0.69007901
0.13131313    0.73459171
0.14141414    0.77614646
0.15151515    0.81457595
0.16161616    0.84972543
0.17171717    0.88145336
0.18181818    0.90963199
0.19191919    0.93414786
0.20202020    0.95490224
0.21212121    0.97181157
0.22222222    0.98480775
0.23232323    0.99383846
0.24242424    0.99886734
0.25252525    0.99987413
0.26262626    0.99685478
0.27272727    0.98982144
0.28282828    0.97880245
0.29292929    0.96384216
0.30303030    0.94500082
0.31313131    0.92235429
0.32323232    0.89599378
0.33333333    0.86602540
0.34343434    0.83256986
0.35353535    0.79576184
0.36363636    0.75574958
0.37373737    0.71269417
0.38383838    0.66676900
0.39393939    0.61815899
0.40404040    0.56705987
0.41414141    0.51367739
0.42424242    0.45822652
0.43434343    0.40093054
0.44444444    0.34202015
0.45454545    0.28173256
0.46464646    0.22031054
0.47474747    0.15800140
0.48484848    0.09505605
0.49494949    0.03172794
0.50505050    -.03172793
0.51515151    -.09505604
0.52525252    -.15800139
0.53535353    -.22031053
0.54545454    -.28173255
0.55555556    -.34202014
0.56565657    -.40093053
0.57575758    -.45822652
0.58585859    -.51367739
0.59595960    -.56705986
0.60606061    -.61815898
0.61616162    -.66676900
0.62626263    -.71269417
0.63636364    -.75574957
0.64646465    -.79576184
0.65656566    -.83256985
0.66666667    -.86602540
0.67676768    -.89599377
0.68686869    -.92235429
0.69696970    -.94500082
0.70707071    -.96384216
0.71717172    -.97880245
0.72727273    -.98982144
0.73737374    -.99685478
0.74747475    -.99987413
0.75757576    -.99886734
0.76767677    -.99383846
0.77777778    -.98480775
0.78787879    -.97181157
0.79797980    -.95490224
0.80808081    -.93414786
0.81818182    -.90963200
0.82828283    -.88145337
0.83838384    -.84972543
0.84848485    -.81457595
0.85858586    -.77614647
0.86868687    -.73459171
0.87878788    -.69007902
0.88888889    -.64278761
0.89898990    -.59290793
0.90909091    -.54064082
0.91919192    -.48619674
0.92929293    -.42979492
0.93939394    -.37166246
0.94949495    -.31203345
0.95959596    -.25114799
0.96969697    -.18925125
0.97979798    -.12659246
0.98989899    -.06342393
1.00000000    -.00000001
