              1       -0.0344828       -0.2149704
              1        0.0000000        0.0000000
              1        0.0344828        0.2149704
              1        0.0689655        0.4198891
              1        0.1034483        0.6051742
              1        0.1379310        0.7621621
              1        0.1724138        0.8835120
              1        0.2068966        0.9635500
              1        0.2413793        0.9985334
              1        0.2758621        0.9868265
              1        0.3103448        0.9289767
              1        0.3448276        0.8276890
