0.00000000    0.00000000
0.00502513    0.00000000
0.01005025    0.03156855
0.01507538    0.06310563
0.02010050    0.09457981
0.02512563    0.12595971
0.03015075    0.15721404
0.03517588    0.18831167
0.04020101    0.21922158
0.04522613    0.24991296
0.05025126    0.28035523
0.05527638    0.31051803
0.06030151    0.34037130
0.06532663    0.36988529
0.07035176    0.39903056
0.07537688    0.42777807
0.08040201    0.45609916
0.08542714    0.48396560
0.09045226    0.51134962
0.09547739    0.53822391
0.10050251    0.56456168
0.10552764    0.59033669
0.11055276    0.61552324
0.11557789    0.64009622
0.12060302    0.66403114
0.12562814    0.68730414
0.13065327    0.70989202
0.13567839    0.73177227
0.14070352    0.75292306
0.14572864    0.77332333
0.15075377    0.79295273
0.15577889    0.81179170
0.16080402    0.82982146
0.16582915    0.84702403
0.17085427    0.86338228
0.17587940    0.87887988
0.18090452    0.89350140
0.18592965    0.90723225
0.19095477    0.92005876
0.19597990    0.93196813
0.20100503    0.94294849
0.20603015    0.95298891
0.21105528    0.96207936
0.21608040    0.97021080
0.22110553    0.97737510
0.22613065    0.98356514
0.23115578    0.98877473
0.23618090    0.99299870
0.24120603    0.99623282
0.24623116    0.99847388
0.25125628    0.99971963
0.25628141    0.99996885
0.26130653    0.99922127
0.26633166    0.99747765
0.27135678    0.99473972
0.27638191    0.99101021
0.28140704    0.98629284
0.28643216    0.98059231
0.29145729    0.97391431
0.29648241    0.96626549
0.30150754    0.95765347
0.30653266    0.94808684
0.31155779    0.93757514
0.31658291    0.92612885
0.32160804    0.91375937
0.32663317    0.90047903
0.33165829    0.88630108
0.33668342    0.87123964
0.34170854    0.85530974
0.34673367    0.83852724
0.35175879    0.82090888
0.35678392    0.80247221
0.36180905    0.78323563
0.36683417    0.76321830
0.37185930    0.74244018
0.37688442    0.72092198
0.38190955    0.69868515
0.38693467    0.67575185
0.39195980    0.65214495
0.39698492    0.62788797
0.40201005    0.60300511
0.40703518    0.57752115
0.41206030    0.55146151
0.41708543    0.52485216
0.42211055    0.49771963
0.42713568    0.47009096
0.43216080    0.44199369
0.43718593    0.41345583
0.44221106    0.38450584
0.44723618    0.35517255
0.45226131    0.32548523
0.45728643    0.29547345
0.46231156    0.26516714
0.46733668    0.23459650
0.47236181    0.20379202
0.47738693    0.17278439
0.48241206    0.14160452
0.48743719    0.11028350
0.49246231    0.07885255
0.49748744    0.04734299
0.50251256    0.01578624
0.50753769    -.01578624
0.51256281    -.04734299
0.51758794    -.07885255
0.52261307    -.11028350
0.52763819    -.14160452
0.53266332    -.17278439
0.53768844    -.20379202
0.54271357    -.23459650
0.54773869    -.26516714
0.55276382    -.29547345
0.55778894    -.32548523
0.56281407    -.35517255
0.56783920    -.38450584
0.57286432    -.41345583
0.57788945    -.44199369
0.58291457    -.47009096
0.58793970    -.49771963
0.59296482    -.52485216
0.59798995    -.55146151
0.60301508    -.57752115
0.60804020    -.60300511
0.61306533    -.62788797
0.61809045    -.65214495
0.62311558    -.67575185
0.62814070    -.69868515
0.63316583    -.72092198
0.63819095    -.74244018
0.64321608    -.76321830
0.64824121    -.78323563
0.65326633    -.80247221
0.65829146    -.82090888
0.66331658    -.83852724
0.66834171    -.85530974
0.67336683    -.87123964
0.67839196    -.88630108
0.68341709    -.90047903
0.68844221    -.91375937
0.69346734    -.92612885
0.69849246    -.93757514
0.70351759    -.94808684
0.70854271    -.95765347
0.71356784    -.96626549
0.71859296    -.97391431
0.72361809    -.98059231
0.72864322    -.98629284
0.73366834    -.99101021
0.73869347    -.99473972
0.74371859    -.99747765
0.74874372    -.99922127
0.75376884    -.99996885
0.75879397    -.99971963
0.76381910    -.99847388
0.76884422    -.99623282
0.77386935    -.99299870
0.77889447    -.98877473
0.78391960    -.98356514
0.78894472    -.97737510
0.79396985    -.97021080
0.79899497    -.96207936
0.80402010    -.95298891
0.80904523    -.94294849
0.81407035    -.93196813
0.81909548    -.92005876
0.82412060    -.90723225
0.82914573    -.89350140
0.83417085    -.87887988
0.83919598    -.86338228
0.84422111    -.84702403
0.84924623    -.82982146
0.85427136    -.81179170
0.85929648    -.79295273
0.86432161    -.77332333
0.86934673    -.75292306
0.87437186    -.73177227
0.87939698    -.70989202
0.88442211    -.68730414
0.88944724    -.66403114
0.89447236    -.64009622
0.89949749    -.61552324
0.90452261    -.59033669
0.90954774    -.56456168
0.91457286    -.53822391
0.91959799    -.51134962
0.92462312    -.48396560
0.92964824    -.45609916
0.93467337    -.42777807
0.93969849    -.39903056
0.94472362    -.36988529
0.94974874    -.34037130
0.95477387    -.31051803
0.95979899    -.28035523
0.96482412    -.24991296
0.96984925    -.21922158
0.97487437    -.18831167
0.97989950    -.15721404
0.98492462    -.12595971
0.98994975    -.09457981
0.99497487    -.06310563
1.00000000    -.03156855
